Results for 'price' bitcoin estimating probabilities on 'count' mode:
	Lag = 1
		Precisions: [0.5232824094281973, 0.4294148431622674, 0.5043600562587904, 0.37784396459005537, 0.38550057537399307, 0.498539435248296, 0.4371890004364906, 0.5677485305392281, 0.5108003108003109, 0.4748520710059172]
			Mean: 0.4709531196843546
		Recalls: [0.4936708860759494, 0.43037974683544306, 0.5189873417721519, 0.379746835443038, 0.4050632911392405, 0.46835443037974683, 0.4430379746835443, 0.5641025641025641, 0.48717948717948717, 0.48717948717948717]
			Mean: 0.4677702044790652
		F1s: [0.48715442386328467, 0.4298289456236803, 0.5034444157409799, 0.3787368156342821, 0.3812061800069794, 0.4575360612304975, 0.4330272193265492, 0.5655594405594405, 0.4871794871794873, 0.47310068106224595]
			Mean: 0.4596773670227427
		Accuracies: [0.4936708860759494, 0.43037974683544306, 0.5189873417721519, 0.379746835443038, 0.4050632911392405, 0.46835443037974683, 0.4430379746835443, 0.5641025641025641, 0.48717948717948717, 0.48717948717948717]
			Mean: 0.4677702044790652

	Lag = 2
		Precisions: [0.5147118233234581, 0.5006295086429835, 0.4572498609884539, 0.5667568747271933, 0.5254760131900861, 0.5535864978902953, 0.4524161735700197, 0.504720406681191, 0.5074693422519508, 0.49831649831649827]
			Mean: 0.508133299958213
		Recalls: [0.5189873417721519, 0.5063291139240507, 0.45569620253164556, 0.569620253164557, 0.5063291139240507, 0.5569620253164557, 0.44871794871794873, 0.5, 0.5256410256410257, 0.5]
			Mean: 0.5088283024991885
		F1s: [0.5155290808306445, 0.501470945453564, 0.45640114512185875, 0.5622487950501159, 0.49673861589440615, 0.5508581726227673, 0.4334636239717574, 0.4880093912460171, 0.5062228220122957, 0.49710024855012425]
			Mean: 0.500804284075355
		Accuracies: [0.5189873417721519, 0.5063291139240507, 0.45569620253164556, 0.569620253164557, 0.5063291139240507, 0.5569620253164557, 0.44871794871794873, 0.5, 0.5256410256410257, 0.5]
			Mean: 0.5088283024991885

	Lag = 3
		Precisions: [0.6297253078446569, 0.5461806490708322, 0.5189873417721519, 0.5251122907309106, 0.5535930396101135, 0.45892597968069665, 0.5356105802227972, 0.661303837774426, 0.5181255526083112, 0.6638888888888889]
			Mean: 0.5611453468203785
		Recalls: [0.620253164556962, 0.5316455696202531, 0.5189873417721519, 0.5189873417721519, 0.5443037974683544, 0.47435897435897434, 0.5384615384615384, 0.6282051282051282, 0.5256410256410257, 0.6666666666666666]
			Mean: 0.5567510548523207
		F1s: [0.6147049153378268, 0.528335112602308, 0.5189873417721519, 0.5135495371733229, 0.5475800446760982, 0.4573969602442425, 0.533833813245578, 0.6198439241917504, 0.49563107457844296, 0.6634963768115941]
			Mean: 0.5493359100633316
		Accuracies: [0.620253164556962, 0.5316455696202531, 0.5189873417721519, 0.5189873417721519, 0.5443037974683544, 0.47435897435897434, 0.5384615384615384, 0.6282051282051282, 0.5256410256410257, 0.6666666666666666]
			Mean: 0.5567510548523207

	Lag = 4
		Precisions: [0.4921919494405762, 0.5073499387505104, 0.5034788598983897, 0.543632527809743, 0.543003663003663, 0.5483234714003945, 0.48717948717948717, 0.5752508361204013, 0.5825834542815675, 0.4577759197324415]
			Mean: 0.5240770107617174
		Recalls: [0.5063291139240507, 0.4936708860759494, 0.5063291139240507, 0.5443037974683544, 0.5128205128205128, 0.5128205128205128, 0.48717948717948717, 0.5769230769230769, 0.5769230769230769, 0.46153846153846156]
			Mean: 0.5178838039597533
		F1s: [0.4928130274707291, 0.4887835394164508, 0.5048273265403482, 0.5260820743160473, 0.5050875050875051, 0.5011670500042593, 0.48717948717948717, 0.5759932375316991, 0.5628421757454016, 0.45936285936285925]
			Mean: 0.5104138282654789
		Accuracies: [0.5063291139240507, 0.4936708860759494, 0.5063291139240507, 0.5443037974683544, 0.5128205128205128, 0.5128205128205128, 0.48717948717948717, 0.5769230769230769, 0.5769230769230769, 0.46153846153846156]
			Mean: 0.5178838039597533

	Lag = 5
		Precisions: [0.5217335335764857, 0.4740118832343064, 0.5864121548382355, 0.517094017094017, 0.504720406681191, 0.484775641025641, 0.36344979353658236, 0.5198717948717948, 0.5177466211948971, 0.5716748643577912]
			Mean: 0.5061490710410942
		Recalls: [0.45569620253164556, 0.4810126582278481, 0.5949367088607594, 0.5128205128205128, 0.5, 0.48717948717948717, 0.3717948717948718, 0.5256410256410257, 0.5256410256410257, 0.5641025641025641]
			Mean: 0.5018825056799741
		F1s: [0.4267714148689021, 0.4768503537324324, 0.5844656850081804, 0.5063463668114832, 0.4880093912460171, 0.48309055285799474, 0.3220371230724984, 0.5219977155461026, 0.5195688421494873, 0.5664196268847431]
			Mean: 0.4895557072177842
		Accuracies: [0.45569620253164556, 0.4810126582278481, 0.5949367088607594, 0.5128205128205128, 0.5, 0.48717948717948717, 0.3717948717948718, 0.5256410256410257, 0.5256410256410257, 0.5641025641025641]
			Mean: 0.5018825056799741

	Lag = 6
		Precisions: [0.591061741152157, 0.4979286536248562, 0.6064051890138847, 0.44419458229942105, 0.3843031968031968, 0.5076388888888889, 0.48159838971614166, 0.5242573778422835, 0.49900332225913613, 0.5020948550360316]
			Mean: 0.5038486196635997
		Recalls: [0.5949367088607594, 0.4936708860759494, 0.5512820512820513, 0.44871794871794873, 0.4230769230769231, 0.5, 0.44871794871794873, 0.5256410256410257, 0.5, 0.5128205128205128]
			Mean: 0.4998864005193119
		F1s: [0.5926228392541173, 0.4954910234135849, 0.5338992161061589, 0.39742908163960794, 0.39929826539095636, 0.49362054681027334, 0.4134336392400908, 0.5098533485630259, 0.4994200497100249, 0.5021206201714096]
			Mean: 0.48371886302992506
		Accuracies: [0.5949367088607594, 0.4936708860759494, 0.5512820512820513, 0.44871794871794873, 0.4230769230769231, 0.5, 0.44871794871794873, 0.5256410256410257, 0.5, 0.5128205128205128]
			Mean: 0.4998864005193119

	Lag = 7
		Precisions: [0.5325231358366131, 0.5019385856079405, 0.40064102564102566, 0.47257187257187255, 0.5620815965643552, 0.48717948717948717, 0.47337278106508873, 0.5578499020359485, 0.5316407730200834, 0.46834415584415584]
			Mean: 0.49881433153665694
		Recalls: [0.5316455696202531, 0.44871794871794873, 0.41025641025641024, 0.47435897435897434, 0.5641025641025641, 0.48717948717948717, 0.46153846153846156, 0.5512820512820513, 0.5384615384615384, 0.47435897435897434]
			Mean: 0.4941901979876663
		F1s: [0.5215057000433913, 0.4018185438375257, 0.40310800310800304, 0.4733893196076661, 0.5570577570577572, 0.48717948717948717, 0.4471410941999177, 0.5537653134500359, 0.5318770903010034, 0.4481449525452976]
			Mean: 0.4824987261330086
		Accuracies: [0.5316455696202531, 0.44871794871794873, 0.41025641025641024, 0.47435897435897434, 0.5641025641025641, 0.48717948717948717, 0.46153846153846156, 0.5512820512820513, 0.5384615384615384, 0.47435897435897434]
			Mean: 0.4941901979876663

	Lag = 8
		Precisions: [0.5988841405508072, 0.6021062271062272, 0.4458333333333334, 0.507051282051282, 0.5488165680473372, 0.5333730309099767, 0.47645002056766755, 0.5118343195266272, 0.5013227513227514, 0.5030885380919699]
			Mean: 0.522876021150798
		Recalls: [0.5897435897435898, 0.6025641025641025, 0.44871794871794873, 0.5128205128205128, 0.5384615384615384, 0.5384615384615384, 0.47435897435897434, 0.47435897435897434, 0.5, 0.5]
			Mean: 0.5179487179487179
		F1s: [0.5739753268922795, 0.602236131036263, 0.44127936031984005, 0.506915306915307, 0.5254079254079255, 0.5355769230769231, 0.47532862911028273, 0.46277483907972733, 0.5005799502899752, 0.4947804473902237]
			Mean: 0.5118854839518747
		Accuracies: [0.5897435897435898, 0.6025641025641025, 0.44871794871794873, 0.5128205128205128, 0.5384615384615384, 0.5384615384615384, 0.47435897435897434, 0.47435897435897434, 0.5, 0.5]
			Mean: 0.5179487179487179

	Lag = 9
		Precisions: [0.5299966562835471, 0.4935714285714286, 0.47826086956521735, 0.5269129019129019, 0.4830246913580248, 0.4761273209549072, 0.5349970226817516, 0.6761904761904762, 0.6297795771479981, 0.45093488072211474]
			Mean: 0.5279795825388368
		Recalls: [0.5256410256410257, 0.5, 0.5, 0.5256410256410257, 0.5, 0.46153846153846156, 0.5384615384615384, 0.6666666666666666, 0.6153846153846154, 0.45454545454545453]
			Mean: 0.5287878787878786
		F1s: [0.5206891423958532, 0.4901098901098901, 0.47953216374269003, 0.5261912348904892, 0.48174034597239224, 0.42901641940763424, 0.5310023310023311, 0.6599326599326599, 0.5937313917609484, 0.4478298719064794]
			Mean: 0.5159775451121368
		Accuracies: [0.5256410256410257, 0.5, 0.5, 0.5256410256410257, 0.5, 0.46153846153846156, 0.5384615384615384, 0.6666666666666666, 0.6153846153846154, 0.45454545454545453]
			Mean: 0.5287878787878786

	Lag = 10
		Precisions: [0.44516568702615217, 0.6278166278166278, 0.4788000670353611, 0.4562334217506631, 0.45683760683760694, 0.5695374393048811, 0.45412726808075643, 0.4916003536693192, 0.5243097643097644, 0.46680360455870656]
			Mean: 0.4971231840389839
		Recalls: [0.4358974358974359, 0.5128205128205128, 0.48717948717948717, 0.4230769230769231, 0.46153846153846156, 0.5384615384615384, 0.4358974358974359, 0.48717948717948717, 0.5324675324675324, 0.4675324675324675]
			Mean: 0.47820512820512817
		F1s: [0.4358974358974359, 0.4515750915750917, 0.47498606465997756, 0.3913778529163145, 0.4543397778691896, 0.548598278865952, 0.43775303643724695, 0.4551282051282051, 0.522631646053806, 0.45748418676879826]
			Mean: 0.46297715761720176
		Accuracies: [0.4358974358974359, 0.5128205128205128, 0.48717948717948717, 0.4230769230769231, 0.46153846153846156, 0.5384615384615384, 0.4358974358974359, 0.48717948717948717, 0.5324675324675324, 0.4675324675324675]
			Mean: 0.47820512820512817

	Lag = 11
		Precisions: [0.3784704765096922, 0.46606738488986477, 0.564121915820029, 0.625, 0.48046398046398053, 0.43030478955007256, 0.5801490176490177, 0.5373868555686737, 0.4451601030548399, 0.5095672769853098]
			Mean: 0.501669180049148
		Recalls: [0.3974358974358974, 0.46153846153846156, 0.5769230769230769, 0.5, 0.47435897435897434, 0.44871794871794873, 0.5512820512820513, 0.5324675324675324, 0.44155844155844154, 0.4675324675324675]
			Mean: 0.48518148518148524
		F1s: [0.38506227738324367, 0.42451923076923076, 0.565901934322987, 0.46031746031746035, 0.47672317687310195, 0.4309285192805469, 0.5294550133259812, 0.534577922077922, 0.44269175776025094, 0.4213631150294843]
			Mean: 0.4671540407140209
		Accuracies: [0.3974358974358974, 0.46153846153846156, 0.5769230769230769, 0.5, 0.47435897435897434, 0.44871794871794873, 0.5512820512820513, 0.5324675324675324, 0.44155844155844154, 0.4675324675324675]
			Mean: 0.48518148518148524

	Lag = 12
		Precisions: [0.3754900070689544, 0.5227395411605937, 0.49407114624505927, 0.5988841405508072, 0.5023569023569022, 0.42973372781065095, 0.4958177415804535, 0.4423088023088023, 0.5490909090909091, 0.39736652236652237]
			Mean: 0.4807859440539655
		Recalls: [0.3717948717948718, 0.5128205128205128, 0.5, 0.5897435897435898, 0.5, 0.44871794871794873, 0.4935064935064935, 0.44155844155844154, 0.5454545454545454, 0.4025974025974026]
			Mean: 0.48061938061938064
		F1s: [0.3400394477317554, 0.5147473927961733, 0.4779982743744607, 0.5739753268922795, 0.501098901098901, 0.43590639659135205, 0.4550316747820818, 0.4291039206118979, 0.531024531024531, 0.39891982162844]
			Mean: 0.46578456875318724
		Accuracies: [0.3717948717948718, 0.5128205128205128, 0.5, 0.5897435897435898, 0.5, 0.44871794871794873, 0.4935064935064935, 0.44155844155844154, 0.5454545454545454, 0.4025974025974026]
			Mean: 0.48061938061938064

	Lag = 13
		Precisions: [0.5094966761633428, 0.5947750362844703, 0.47427189163038225, 0.474666219764259, 0.5488247863247864, 0.49598021026592454, 0.5243188184364656, 0.39140383426097713, 0.5475206611570248, 0.4311688311688312]
			Mean: 0.49924269654564635
		Recalls: [0.5128205128205128, 0.5769230769230769, 0.44871794871794873, 0.48717948717948717, 0.5512820512820513, 0.4805194805194805, 0.5194805194805194, 0.38961038961038963, 0.5454545454545454, 0.44155844155844154]
			Mean: 0.4953546453546454
		F1s: [0.494095700684582, 0.5629754860524091, 0.4330142620997194, 0.4759164422856941, 0.5499657087232583, 0.4531975738146846, 0.5065226907923537, 0.390442975609216, 0.546397422801917, 0.42383013811585235]
			Mean: 0.48363584009796873
		Accuracies: [0.5128205128205128, 0.5769230769230769, 0.44871794871794873, 0.48717948717948717, 0.5512820512820513, 0.4805194805194805, 0.5194805194805194, 0.38961038961038963, 0.5454545454545454, 0.44155844155844154]
			Mean: 0.4953546453546454

Results for 'price' bitcoin estimating probabilities on 'paper' mode:
	Lag = 1
		Precisions: [0.4177215189873418, 0.5247262407072533, 0.3729100385839031, 0.6298734177215191, 0.6585699623674307, 0.5420781749895675, 0.5708257986738999, 0.5822222222222221, 0.7646761133603238, 0.449778291883555]
			Mean: 0.5513381779497016
		Recalls: [0.4936708860759494, 0.5569620253164557, 0.4430379746835443, 0.5189873417721519, 0.5316455696202531, 0.5822784810126582, 0.5949367088607594, 0.5, 0.4230769230769231, 0.47435897435897434]
			Mean: 0.511895488477767
		F1s: [0.35524100517553153, 0.5146573319840071, 0.3592873886544773, 0.3981588032220944, 0.4220405013504599, 0.5347970576154736, 0.556885308784043, 0.3667421280098786, 0.2794788655936853, 0.4450169713327608]
			Mean: 0.42323053617224116
		Accuracies: [0.4936708860759494, 0.5569620253164557, 0.4430379746835443, 0.5189873417721519, 0.5316455696202531, 0.5822784810126582, 0.5949367088607594, 0.5, 0.4230769230769231, 0.47435897435897434]
			Mean: 0.511895488477767

	Lag = 2
		Precisions: [0.5677386247006501, 0.44924490494110747, 0.569620253164557, 0.6523893631635755, 0.6219867203087691, 0.5949367088607594, 0.4904667981591058, 0.4975381207939347, 0.5555555555555555, 0.5461690583641803]
			Mean: 0.5545646108012194
		Recalls: [0.5569620253164557, 0.4430379746835443, 0.569620253164557, 0.6455696202531646, 0.620253164556962, 0.5949367088607594, 0.47435897435897434, 0.48717948717948717, 0.5128205128205128, 0.5384615384615384]
			Mean: 0.5443200259655956
		F1s: [0.5579564988847688, 0.4435735150925025, 0.569620253164557, 0.6452288218111003, 0.6195219447197803, 0.5949367088607594, 0.47862681367238114, 0.48717948717948717, 0.526195378631892, 0.540914899054434]
			Mean: 0.5463754321071662
		Accuracies: [0.5569620253164557, 0.4430379746835443, 0.569620253164557, 0.6455696202531646, 0.620253164556962, 0.5949367088607594, 0.47435897435897434, 0.48717948717948717, 0.5128205128205128, 0.5384615384615384]
			Mean: 0.5443200259655956

	Lag = 3
		Precisions: [0.5003835826620637, 0.5054852320675105, 0.5469003570269393, 0.5534330648254698, 0.4877171540811872, 0.6306531204644412, 0.5085470085470086, 0.514161220043573, 0.47595549104983065, 0.5836870026525199]
			Mean: 0.5306923233420544
		Recalls: [0.5189873417721519, 0.4177215189873418, 0.5443037974683544, 0.569620253164557, 0.4936708860759494, 0.6282051282051282, 0.5128205128205128, 0.5128205128205128, 0.47435897435897434, 0.5769230769230769]
			Mean: 0.524943200259656
		F1s: [0.5015713662156264, 0.41043369461009743, 0.5325961875218892, 0.5557564798071127, 0.49039869112201834, 0.6162076060264153, 0.47454212454212463, 0.501010101010101, 0.4570301493378416, 0.5501574448942871]
			Mean: 0.5089703845087513
		Accuracies: [0.5189873417721519, 0.4177215189873418, 0.5443037974683544, 0.569620253164557, 0.4936708860759494, 0.6282051282051282, 0.5128205128205128, 0.5128205128205128, 0.47435897435897434, 0.5769230769230769]
			Mean: 0.524943200259656

	Lag = 4
		Precisions: [0.44108170310701955, 0.6088051548752168, 0.5560192055870798, 0.51601874551792, 0.5973402623648929, 0.5264945652173912, 0.5, 0.5400895400895401, 0.6037946428571429, 0.5076113545571336]
			Mean: 0.5397255174173338
		Recalls: [0.4430379746835443, 0.6075949367088608, 0.5569620253164557, 0.5189873417721519, 0.6025641025641025, 0.5256410256410257, 0.5, 0.5384615384615384, 0.5, 0.5128205128205128]
			Mean: 0.5306069457968192
		F1s: [0.4417786936185523, 0.6081031511343633, 0.5491142147102851, 0.5161762288344566, 0.5990663923364528, 0.5217895608947805, 0.49925925925925935, 0.5378542510121458, 0.448540975013105, 0.5088837088837089]
			Mean: 0.523056643569711
		Accuracies: [0.4430379746835443, 0.6075949367088608, 0.5569620253164557, 0.5189873417721519, 0.6025641025641025, 0.5256410256410257, 0.5, 0.5384615384615384, 0.5, 0.5128205128205128]
			Mean: 0.5306069457968192

	Lag = 5
		Precisions: [0.6309423347398031, 0.47938517179023504, 0.48192272689666577, 0.47135190391004345, 0.4577677224736048, 0.5055330634278002, 0.5624449624449624, 0.48251748251748255, 0.5229215229215229, 0.5161683599419449]
			Mean: 0.5110955251064067
		Recalls: [0.620253164556962, 0.4810126582278481, 0.46835443037974683, 0.46153846153846156, 0.41025641025641024, 0.48717948717948717, 0.5641025641025641, 0.47435897435897434, 0.5256410256410257, 0.5256410256410257]
			Mean: 0.5018338201882505
		F1s: [0.6240405332615137, 0.4795071349156969, 0.46750243427458615, 0.46153846153846156, 0.3268498168498169, 0.49124949124949124, 0.5617855013203851, 0.472022792022792, 0.5235074770307155, 0.5103338421716334]
			Mean: 0.49183374846350925
		Accuracies: [0.620253164556962, 0.4810126582278481, 0.46835443037974683, 0.46153846153846156, 0.41025641025641024, 0.48717948717948717, 0.5641025641025641, 0.47435897435897434, 0.5256410256410257, 0.5256410256410257]
			Mean: 0.5018338201882505

	Lag = 6
		Precisions: [0.5401898734177215, 0.4430379746835443, 0.5030348073826334, 0.4720965309200604, 0.39997429471113677, 0.48996913580246915, 0.5103341103341104, 0.5038705137227305, 0.7532467532467533, 0.3764568764568765]
			Mean: 0.49922108706780355
		Recalls: [0.4936708860759494, 0.4430379746835443, 0.5384615384615384, 0.47435897435897434, 0.41025641025641024, 0.5, 0.5128205128205128, 0.5, 0.5, 0.47435897435897434]
			Mean: 0.4846965271015904
		F1s: [0.4423395896988215, 0.4430379746835443, 0.45566933066933063, 0.4725299003675143, 0.3778751561867554, 0.48093183779119936, 0.5102308544169009, 0.4917541229385308, 0.34697773064687176, 0.4014322014322015]
			Mean: 0.442277869883167
		Accuracies: [0.4936708860759494, 0.4430379746835443, 0.5384615384615384, 0.47435897435897434, 0.41025641025641024, 0.5, 0.5128205128205128, 0.5, 0.5, 0.47435897435897434]
			Mean: 0.4846965271015904

	Lag = 7
		Precisions: [0.5224889035015617, 0.3793466807165437, 0.4133333333333334, 0.48682336182336183, 0.4829206483290217, 0.657182999648753, 0.756578947368421, 0.5, 0.5077700077700078, 0.47050481484022966]
			Mean: 0.5176949697331235
		Recalls: [0.45569620253164556, 0.34615384615384615, 0.48717948717948717, 0.47435897435897434, 0.48717948717948717, 0.5256410256410257, 0.5256410256410257, 0.5, 0.5128205128205128, 0.5128205128205128]
			Mean: 0.48274910743265165
		F1s: [0.46768022656526964, 0.22433012532022437, 0.34837092731829566, 0.36303347898116584, 0.4847408026755852, 0.415954415954416, 0.3879109225874868, 0.4523852385238523, 0.4459022738268021, 0.48462725546058877]
			Mean: 0.4074935667213686
		Accuracies: [0.45569620253164556, 0.34615384615384615, 0.48717948717948717, 0.47435897435897434, 0.48717948717948717, 0.5256410256410257, 0.5256410256410257, 0.5, 0.5128205128205128, 0.5128205128205128]
			Mean: 0.48274910743265165

	Lag = 8
		Precisions: [0.41174284652545523, 0.43713594581519105, 0.5041208791208791, 0.49579406101145235, 0.4293854293854294, 0.4581646423751687, 0.547945205479452, 0.4926702926702926, 0.5233154442456768, 0.6056338028169014]
			Mean: 0.49059085494458987
		Recalls: [0.5128205128205128, 0.4358974358974359, 0.5384615384615384, 0.5128205128205128, 0.44871794871794873, 0.3974358974358974, 0.5, 0.48717948717948717, 0.5128205128205128, 0.5]
			Mean: 0.48461538461538456
		F1s: [0.42490842490842495, 0.4176638176638177, 0.485042735042735, 0.49224995037802916, 0.3916545500703916, 0.24745570406451578, 0.3843843843843843, 0.489618171683389, 0.5167573167573168, 0.4032042723631508]
			Mean: 0.42529393273161553
		Accuracies: [0.5128205128205128, 0.4358974358974359, 0.5384615384615384, 0.5128205128205128, 0.44871794871794873, 0.3974358974358974, 0.5, 0.48717948717948717, 0.5128205128205128, 0.5]
			Mean: 0.48461538461538456

	Lag = 9
		Precisions: [0.5222277722277722, 0.46153846153846156, 0.5659340659340659, 0.5180802103879026, 0.5357859531772575, 0.40151515151515155, 0.5185185185185185, 0.6123876123876123, 0.5811965811965811, 0.5376352813852814]
			Mean: 0.5254819608268605
		Recalls: [0.47435897435897434, 0.46153846153846156, 0.5641025641025641, 0.5128205128205128, 0.48717948717948717, 0.44871794871794873, 0.5, 0.5128205128205128, 0.5384615384615384, 0.5194805194805194]
			Mean: 0.5019480519480519
		F1s: [0.4520569150788839, 0.46153846153846156, 0.5635290148448043, 0.5141050994709531, 0.4683257918552036, 0.37366946778711485, 0.49909584086799275, 0.49598773319703554, 0.5360323886639674, 0.5176963121266919]
			Mean: 0.48820370254311085
		Accuracies: [0.47435897435897434, 0.46153846153846156, 0.5641025641025641, 0.5128205128205128, 0.48717948717948717, 0.44871794871794873, 0.5, 0.5128205128205128, 0.5384615384615384, 0.5194805194805194]
			Mean: 0.5019480519480519

	Lag = 10
		Precisions: [0.5257936507936508, 0.572079772079772, 0.6452214452214452, 0.5488733488733489, 0.5028649662796004, 0.5929259146650451, 0.474969474969475, 0.49297924297924295, 0.6302060008956561, 0.4780141843971631]
			Mean: 0.5463928001154399
		Recalls: [0.5256410256410257, 0.5512820512820513, 0.6153846153846154, 0.5512820512820513, 0.48717948717948717, 0.5641025641025641, 0.47435897435897434, 0.48717948717948717, 0.6103896103896104, 0.45454545454545453]
			Mean: 0.5321345321345321
		F1s: [0.5249382716049382, 0.5504706264199936, 0.6153846153846154, 0.5492638296236496, 0.4898838801277826, 0.5454466276477146, 0.44506094997898277, 0.48717948717948717, 0.6048237476808905, 0.4506756756756757]
			Mean: 0.5263127711323731
		Accuracies: [0.5256410256410257, 0.5512820512820513, 0.6153846153846154, 0.5512820512820513, 0.48717948717948717, 0.5641025641025641, 0.47435897435897434, 0.48717948717948717, 0.6103896103896104, 0.45454545454545453]
			Mean: 0.5321345321345321

	Lag = 11
		Precisions: [0.5225296442687747, 0.5824175824175825, 0.4635108481262327, 0.4979619565217391, 0.5438034188034189, 0.6338417329796641, 0.5010198135198135, 0.5262539184952979, 0.4711592111592112, 0.5085968645290679]
			Mean: 0.5251094990820802
		Recalls: [0.5, 0.5769230769230769, 0.47435897435897434, 0.5, 0.5256410256410257, 0.6282051282051282, 0.47435897435897434, 0.5324675324675324, 0.4675324675324675, 0.5324675324675324]
			Mean: 0.5211954711954712
		F1s: [0.4791208791208791, 0.5788259716295698, 0.45955597568500794, 0.49890109890109885, 0.5079177233023388, 0.6051143575896051, 0.4500986193293885, 0.5261363636363636, 0.45565722662994923, 0.49720867367926186]
			Mean: 0.5058536889503463
		Accuracies: [0.5, 0.5769230769230769, 0.47435897435897434, 0.5, 0.5256410256410257, 0.6282051282051282, 0.47435897435897434, 0.5324675324675324, 0.4675324675324675, 0.5324675324675324]
			Mean: 0.5211954711954712

	Lag = 12
		Precisions: [0.7535797535797536, 0.29740215924426455, 0.4616935483870968, 0.4436813186813187, 0.505982905982906, 0.48852357320099254, 0.20334928229665072, 0.23688311688311686, 0.3198468198468199, 0.21531100478468898]
			Mean: 0.39262534828876083
		Recalls: [0.5256410256410257, 0.5256410256410257, 0.5, 0.47435897435897434, 0.5256410256410257, 0.5128205128205128, 0.44155844155844154, 0.4675324675324675, 0.4155844155844156, 0.45454545454545453]
			Mean: 0.4843323343323343
		F1s: [0.37563006793776016, 0.3798750269338504, 0.4521008403361344, 0.4504188880426504, 0.4754147812971342, 0.46597633136094685, 0.27846027846027843, 0.3144466153315711, 0.33607209117413195, 0.2922077922077922]
			Mean: 0.382060271308225
		Accuracies: [0.5256410256410257, 0.5256410256410257, 0.5, 0.47435897435897434, 0.5256410256410257, 0.5128205128205128, 0.44155844155844154, 0.4675324675324675, 0.4155844155844156, 0.45454545454545453]
			Mean: 0.4843323343323343

	Lag = 13
		Precisions: [0.4309710351377018, 0.5152859960552268, 0.27306027306027303, 0.5007122507122508, 0.7532467532467533, 0.46922642574816487, 0.17271040647664027, 0.7593984962406015, 0.5033766233766235, 0.5242424242424243]
			Mean: 0.49022306842966606
		Recalls: [0.44871794871794873, 0.5256410256410257, 0.5128205128205128, 0.5128205128205128, 0.5128205128205128, 0.4935064935064935, 0.4155844155844156, 0.42857142857142855, 0.5064935064935064, 0.5454545454545454]
			Mean: 0.4902430902430902
		F1s: [0.42769407756465566, 0.5197488979667197, 0.3563667970447631, 0.49455128205128207, 0.3612068965517241, 0.4750885478158205, 0.2440128678660789, 0.2716816195077064, 0.36233766233766235, 0.5072080023536334]
			Mean: 0.4019896651060046
		Accuracies: [0.44871794871794873, 0.5256410256410257, 0.5128205128205128, 0.5128205128205128, 0.5128205128205128, 0.4935064935064935, 0.4155844155844156, 0.42857142857142855, 0.5064935064935064, 0.5454545454545454]
			Mean: 0.4902430902430902

Results for 'transactions' bitcoin estimating probabilities on 'count' mode:
	Lag = 1
		Precisions: [0.44075246132208157, 0.5875348637631409, 0.5641493241793607, 0.39355581127733025, 0.49881083418507743, 0.552720408616478, 0.5032524613220816, 0.4245014245014245, 0.4937900641025641, 0.7192307692307692]
			Mean: 0.5178298422500308
		Recalls: [0.4430379746835443, 0.6075949367088608, 0.5822784810126582, 0.46835443037974683, 0.5063291139240507, 0.5822784810126582, 0.5316455696202531, 0.5256410256410257, 0.5256410256410257, 0.5384615384615384]
			Mean: 0.5311262577085362
		F1s: [0.39060672195547796, 0.5854470973294085, 0.55690743457641, 0.38719792865362485, 0.48380230316851464, 0.5564690630636182, 0.4859859476737578, 0.4400250156347717, 0.47054191914005, 0.47008547008547014]
			Mean: 0.48270689012811036
		Accuracies: [0.4430379746835443, 0.6075949367088608, 0.5822784810126582, 0.46835443037974683, 0.5063291139240507, 0.5822784810126582, 0.5316455696202531, 0.5256410256410257, 0.5256410256410257, 0.5384615384615384]
			Mean: 0.5311262577085362

	Lag = 2
		Precisions: [0.43718180553623587, 0.5113709504398198, 0.5371974239395958, 0.44449853943524825, 0.5677478902953587, 0.5374078972227471, 0.4989738644512029, 0.5541523153463452, 0.5661204467174616, 0.49390500210172333]
			Mean: 0.5148556135485738
		Recalls: [0.4810126582278481, 0.5443037974683544, 0.5569620253164557, 0.4810126582278481, 0.5822784810126582, 0.5569620253164557, 0.5128205128205128, 0.47435897435897434, 0.5769230769230769, 0.5256410256410257]
			Mean: 0.529227523531321
		F1s: [0.41976511413745676, 0.519831223628692, 0.5363155954282905, 0.41443924073829225, 0.5376985772824983, 0.4944594473277479, 0.4703647840902744, 0.40253871541000263, 0.5126357126357126, 0.4849816849816849]
			Mean: 0.47930300956606525
		Accuracies: [0.4810126582278481, 0.5443037974683544, 0.5569620253164557, 0.4810126582278481, 0.5822784810126582, 0.5569620253164557, 0.5128205128205128, 0.47435897435897434, 0.5769230769230769, 0.5256410256410257]
			Mean: 0.529227523531321

	Lag = 3
		Precisions: [0.5832032830472227, 0.4396021699819168, 0.5293086660175268, 0.5239624661502613, 0.41186507113047893, 0.4684343434343434, 0.6276134122287969, 0.4743303571428571, 0.6037511870845205, 0.39687848383500557]
			Mean: 0.505894944005293
		Recalls: [0.5063291139240507, 0.5063291139240507, 0.5443037974683544, 0.569620253164557, 0.46835443037974683, 0.5, 0.5897435897435898, 0.5, 0.6153846153846154, 0.44871794871794873]
			Mean: 0.5248782862706914
		F1s: [0.40034648168232867, 0.4172062282961801, 0.4904641350210971, 0.50955928370985, 0.4283825597749648, 0.43086019454510777, 0.5377261731978713, 0.44201680672268906, 0.6079881656804733, 0.3541914249524396]
			Mean: 0.4618741453583001
		Accuracies: [0.5063291139240507, 0.5063291139240507, 0.5443037974683544, 0.569620253164557, 0.46835443037974683, 0.5, 0.5897435897435898, 0.5, 0.6153846153846154, 0.44871794871794873]
			Mean: 0.5248782862706914

	Lag = 4
		Precisions: [0.31337760254547964, 0.4862193677121656, 0.4740556560176813, 0.4964226747385801, 0.46955128205128205, 0.34043392504930975, 0.5711759504862953, 0.5777502067824648, 0.5720149345993126, 0.5284299034299034]
			Mean: 0.48294315034124746
		Recalls: [0.379746835443038, 0.5063291139240507, 0.4936708860759494, 0.4936708860759494, 0.48717948717948717, 0.4358974358974359, 0.5897435897435898, 0.6025641025641025, 0.5641025641025641, 0.5512820512820513]
			Mean: 0.5104186952288219
		F1s: [0.3298200140771113, 0.4780311475517972, 0.44408381117241885, 0.4120956399437412, 0.43802022233394783, 0.3640788224121558, 0.5660749506903353, 0.5664899873371472, 0.5261158594491927, 0.5327875397485217]
			Mean: 0.46575979947163687
		Accuracies: [0.379746835443038, 0.5063291139240507, 0.4936708860759494, 0.4936708860759494, 0.48717948717948717, 0.4358974358974359, 0.5897435897435898, 0.6025641025641025, 0.5641025641025641, 0.5512820512820513]
			Mean: 0.5104186952288219

	Lag = 5
		Precisions: [0.4728729768877134, 0.4778481012658228, 0.46724953762640203, 0.5913675976120222, 0.48433622828784123, 0.5336255784016978, 0.5736263736263737, 0.5353318250377074, 0.5252403846153846, 0.5414781297134238]
			Mean: 0.5202976733074388
		Recalls: [0.5063291139240507, 0.5189873417721519, 0.4936708860759494, 0.6153846153846154, 0.5256410256410257, 0.5256410256410257, 0.5897435897435898, 0.47435897435897434, 0.5384615384615384, 0.5641025641025641]
			Mean: 0.5352320675105485
		F1s: [0.4370062971187778, 0.4724894514767933, 0.4485917270727397, 0.5931267806267806, 0.48103698704499775, 0.4547993172826283, 0.5470085470085471, 0.39492064386733733, 0.48481857764876635, 0.4919247419247418]
			Mean: 0.48057230710721105
		Accuracies: [0.5063291139240507, 0.5189873417721519, 0.4936708860759494, 0.6153846153846154, 0.5256410256410257, 0.5256410256410257, 0.5897435897435898, 0.47435897435897434, 0.5384615384615384, 0.5641025641025641]
			Mean: 0.5352320675105485

	Lag = 6
		Precisions: [0.5914406268836648, 0.5220765521398433, 0.44191919191919193, 0.5459653092006034, 0.4778554778554779, 0.5264586160108548, 0.5128205128205128, 0.5902777777777778, 0.4743303571428571, 0.6006410256410256]
			Mean: 0.5283785447391809
		Recalls: [0.5316455696202531, 0.4936708860759494, 0.5, 0.6025641025641025, 0.5128205128205128, 0.5128205128205128, 0.5641025641025641, 0.5256410256410257, 0.5, 0.6282051282051282]
			Mean: 0.5371470301850048
		F1s: [0.45009349692728085, 0.4460061108686163, 0.4304118680460667, 0.5380232303309226, 0.44515669515669515, 0.44075471698113206, 0.5219988344988346, 0.4222222222222223, 0.44201680672268906, 0.6060984060984062]
			Mean: 0.4742782387852865
		Accuracies: [0.5316455696202531, 0.4936708860759494, 0.5, 0.6025641025641025, 0.5128205128205128, 0.5128205128205128, 0.5641025641025641, 0.5256410256410257, 0.5, 0.6282051282051282]
			Mean: 0.5371470301850048

	Lag = 7
		Precisions: [0.5322521097046413, 0.4082840236686391, 0.5256410256410257, 0.523076923076923, 0.5630936227951153, 0.5030100334448161, 0.6126998001998002, 0.5811965811965811, 0.38770615434067696, 0.6478632478632479]
			Mean: 0.5284823521931467
		Recalls: [0.5316455696202531, 0.48717948717948717, 0.5128205128205128, 0.5128205128205128, 0.5, 0.5256410256410257, 0.6282051282051282, 0.6025641025641025, 0.41025641025641024, 0.6410256410256411]
			Mean: 0.5352158390133075
		F1s: [0.48131745652643676, 0.42231681362116147, 0.4823717948717949, 0.4519230769230768, 0.42901630335226226, 0.5104344272690123, 0.6179227981631186, 0.5871760638115777, 0.36045399592197624, 0.6134122287968442]
			Mean: 0.49563449592572617
		Accuracies: [0.5316455696202531, 0.48717948717948717, 0.5128205128205128, 0.5128205128205128, 0.5, 0.5256410256410257, 0.6282051282051282, 0.6025641025641025, 0.41025641025641024, 0.6410256410256411]
			Mean: 0.5352158390133075

	Lag = 8
		Precisions: [0.5384615384615384, 0.4549738100139527, 0.5692307692307693, 0.5366300366300366, 0.5001131221719457, 0.4583333333333333, 0.49905075596422604, 0.5854072398190044, 0.4436813186813187, 0.5200837468982631]
			Mean: 0.5105965671204389
		Recalls: [0.5384615384615384, 0.48717948717948717, 0.5384615384615384, 0.5128205128205128, 0.5512820512820513, 0.5, 0.5256410256410257, 0.5769230769230769, 0.47435897435897434, 0.5512820512820513]
			Mean: 0.5256410256410257
		F1s: [0.47994194484760516, 0.45142729456454955, 0.4807692307692308, 0.45762806547120277, 0.4769420741843051, 0.46218487394957986, 0.49305545770099724, 0.5070455070455069, 0.4504188880426504, 0.5090890417993221]
			Mean: 0.4768502378374951
		Accuracies: [0.5384615384615384, 0.48717948717948717, 0.5384615384615384, 0.5128205128205128, 0.5512820512820513, 0.5, 0.5256410256410257, 0.5769230769230769, 0.47435897435897434, 0.5512820512820513]
			Mean: 0.5256410256410257

	Lag = 9
		Precisions: [0.5184333506416438, 0.39617327117327117, 0.5717498875393613, 0.5071225071225072, 0.6404428904428904, 0.5284493284493283, 0.5514792899408284, 0.7664207938180541, 0.6222732491389207, 0.49552238805970145]
			Mean: 0.5598066956326506
		Recalls: [0.5384615384615384, 0.47435897435897434, 0.5897435897435898, 0.5128205128205128, 0.6282051282051282, 0.5256410256410257, 0.5, 0.5512820512820513, 0.6153846153846154, 0.5454545454545454]
			Mean: 0.5481351981351981
		F1s: [0.49852071005917165, 0.40120222025355734, 0.5793655619742576, 0.40526140526140525, 0.5766227766227765, 0.4756764881329819, 0.43996399639963996, 0.4475244475244476, 0.5570054945054945, 0.47098261051749424]
			Mean: 0.48521257112512267
		Accuracies: [0.5384615384615384, 0.47435897435897434, 0.5897435897435898, 0.5128205128205128, 0.6282051282051282, 0.5256410256410257, 0.5, 0.5512820512820513, 0.6153846153846154, 0.5454545454545454]
			Mean: 0.5481351981351981

	Lag = 10
		Precisions: [0.7183257918552036, 0.5331991951710261, 0.6481481481481481, 0.47883064516129026, 0.5366707366707367, 0.5194250194250194, 0.53856591170024, 0.47050481484022966, 0.5116301608838922, 0.4671833542801284]
			Mean: 0.5422483778135915
		Recalls: [0.5256410256410257, 0.5, 0.6666666666666666, 0.5, 0.5384615384615384, 0.5641025641025641, 0.5769230769230769, 0.5128205128205128, 0.5194805194805194, 0.4675324675324675]
			Mean: 0.5371628371628372
		F1s: [0.45689953610745687, 0.40015615850087843, 0.6557471264367817, 0.4519142700128228, 0.4896449704142012, 0.503954378954379, 0.5129260531606693, 0.48462725546058877, 0.4420852561636017, 0.4137478682933228]
			Mean: 0.4811702873504702
		Accuracies: [0.5256410256410257, 0.5, 0.6666666666666666, 0.5, 0.5384615384615384, 0.5641025641025641, 0.5769230769230769, 0.5128205128205128, 0.5194805194805194, 0.4675324675324675]
			Mean: 0.5371628371628372

	Lag = 11
		Precisions: [0.5680473372781065, 0.5347560557194811, 0.5469913151364764, 0.5336255784016978, 0.4778554778554779, 0.6056721056721057, 0.45479082321187586, 0.5742296918767508, 0.5419743655037772, 0.6400742115027829]
			Mean: 0.5478016962158533
		Recalls: [0.5769230769230769, 0.5384615384615384, 0.5384615384615384, 0.5256410256410257, 0.5128205128205128, 0.6153846153846154, 0.48717948717948717, 0.5844155844155844, 0.5324675324675324, 0.5974025974025974]
			Mean: 0.550915750915751
		F1s: [0.5716679360243716, 0.5058241758241758, 0.494218200100553, 0.4547993172826283, 0.44515669515669515, 0.5623126873126874, 0.4603653427182839, 0.5102040816326532, 0.45078110295501606, 0.5515710255858741]
			Mean: 0.5006900564592939
		Accuracies: [0.5769230769230769, 0.5384615384615384, 0.5384615384615384, 0.5256410256410257, 0.5128205128205128, 0.6153846153846154, 0.48717948717948717, 0.5844155844155844, 0.5324675324675324, 0.5974025974025974]
			Mean: 0.550915750915751

	Lag = 12
		Precisions: [0.5084498834498834, 0.3950226244343891, 0.5086331679073615, 0.7715617715617715, 0.4462898212898213, 0.5427350427350428, 0.3570451054322022, 0.48500127323656733, 0.26877470355731226, 0.4097261434217956]
			Mean: 0.4693239537026147
		Recalls: [0.5512820512820513, 0.46153846153846156, 0.5512820512820513, 0.3717948717948718, 0.5256410256410257, 0.5641025641025641, 0.44155844155844154, 0.5324675324675324, 0.44155844155844154, 0.44155844155844154]
			Mean: 0.48827838827838843
		F1s: [0.489027489027489, 0.37428774928774927, 0.5105532115096824, 0.21659125188536954, 0.46072052390224855, 0.5034559643255295, 0.38492587150372, 0.5046382189239331, 0.3341523341523342, 0.34126689636893714]
			Mean: 0.41196195108869926
		Accuracies: [0.5512820512820513, 0.46153846153846156, 0.5512820512820513, 0.3717948717948718, 0.5256410256410257, 0.5641025641025641, 0.44155844155844154, 0.5324675324675324, 0.44155844155844154, 0.44155844155844154]
			Mean: 0.48827838827838843

	Lag = 13
		Precisions: [0.5180739658351599, 0.47561813186813184, 0.5706259426847662, 0.4461538461538461, 0.5237556561085973, 0.5432989142005535, 0.4105423987776929, 0.635685210312076, 0.575941008144398, 0.5153688524590164]
			Mean: 0.5215063926544239
		Recalls: [0.5512820512820513, 0.5256410256410257, 0.5512820512820513, 0.48717948717948717, 0.5384615384615384, 0.5324675324675324, 0.44155844155844154, 0.5974025974025974, 0.5974025974025974, 0.5454545454545454]
			Mean: 0.5368131868131869
		F1s: [0.4830984830984831, 0.471103169717263, 0.4779701396917872, 0.44773175542406307, 0.4625722103982973, 0.4886580086580086, 0.39417552144824874, 0.5317394124733575, 0.5689195158582913, 0.5034013605442177]
			Mean: 0.48293695773120177
		Accuracies: [0.5512820512820513, 0.5256410256410257, 0.5512820512820513, 0.48717948717948717, 0.5384615384615384, 0.5324675324675324, 0.44155844155844154, 0.5974025974025974, 0.5974025974025974, 0.5454545454545454]
			Mean: 0.5368131868131869

Results for 'transactions' bitcoin estimating probabilities on 'paper' mode:
	Lag = 1
		Precisions: [0.6516033755274262, 0.35394968755007206, 0.7572216812723142, 0.38471398814292584, 0.35394968755007206, 0.24987670557290811, 0.3476902843991451, 0.21301775147928995, 0.32967032967032966, 0.15795529257067717]
			Mean: 0.3799648783735161
		Recalls: [0.5822784810126582, 0.5949367088607594, 0.569620253164557, 0.620253164556962, 0.5949367088607594, 0.4810126582278481, 0.569620253164557, 0.46153846153846156, 0.5641025641025641, 0.3974358974358974]
			Mean: 0.5435735150925025
		F1s: [0.47067005964995534, 0.44384167168977284, 0.4263563210440156, 0.47488132911392406, 0.44384167168977284, 0.3288975440874175, 0.4318089015924868, 0.291497975708502, 0.41614123581336687, 0.2260644554222536]
			Mean: 0.39540011658114677
		Accuracies: [0.5822784810126582, 0.5949367088607594, 0.569620253164557, 0.620253164556962, 0.5949367088607594, 0.4810126582278481, 0.569620253164557, 0.46153846153846156, 0.5641025641025641, 0.3974358974358974]
			Mean: 0.5435735150925025

	Lag = 2
		Precisions: [0.41382667964946446, 0.42666000444148344, 0.4657450588496558, 0.42666000444148344, 0.7572216812723142, 0.27945472249269715, 0.3884952766531714, 0.6494282744282744, 0.4133333333333334, 0.4763832658569501]
			Mean: 0.46972083014188276
		Recalls: [0.6329113924050633, 0.5063291139240507, 0.5569620253164557, 0.5063291139240507, 0.569620253164557, 0.5189873417721519, 0.6025641025641025, 0.5769230769230769, 0.48717948717948717, 0.44871794871794873]
			Mean: 0.5406523855890945
		F1s: [0.5004415660877245, 0.36945559329011013, 0.42811783433187345, 0.36945559329011013, 0.4263563210440156, 0.36329113924050627, 0.4724102564102564, 0.4648257725180802, 0.34837092731829566, 0.2993916993916994]
			Mean: 0.40421167029226723
		Accuracies: [0.6329113924050633, 0.5063291139240507, 0.5569620253164557, 0.5063291139240507, 0.569620253164557, 0.5189873417721519, 0.6025641025641025, 0.5769230769230769, 0.48717948717948717, 0.44871794871794873]
			Mean: 0.5406523855890945

	Lag = 3
		Precisions: [0.21935587245633711, 0.324467232815254, 0.32132424537487825, 0.7546251217137293, 0.38266373142542653, 0.4245754245754246, 0.34779750164365547, 0.7542457542457542, 0.3006993006993007, 0.4817813765182187]
			Mean: 0.43115355614679796
		Recalls: [0.46835443037974683, 0.569620253164557, 0.5569620253164557, 0.5443037974683544, 0.5063291139240507, 0.6410256410256411, 0.5897435897435898, 0.47435897435897434, 0.5384615384615384, 0.46153846153846156]
			Mean: 0.535069782538137
		F1s: [0.29877782627673505, 0.41343405471621075, 0.4075331892559433, 0.39680213191205865, 0.42420500154368634, 0.5108173076923076, 0.43755169561621177, 0.31912232653125844, 0.38589743589743586, 0.31293706293706297]
			Mean: 0.39070780323789106
		Accuracies: [0.46835443037974683, 0.569620253164557, 0.5569620253164557, 0.5443037974683544, 0.5063291139240507, 0.6410256410256411, 0.5897435897435898, 0.47435897435897434, 0.5384615384615384, 0.46153846153846156]
			Mean: 0.535069782538137

	Lag = 4
		Precisions: [0.6440626883664858, 0.4718886364455985, 0.5101001609300314, 0.5818657127132636, 0.5285809018567639, 0.662166505946641, 0.5227866473149492, 0.46294871794871795, 0.7624831309041835, 0.60920881081452]
			Mean: 0.5756091913241155
		Recalls: [0.569620253164557, 0.46835443037974683, 0.5443037974683544, 0.5949367088607594, 0.5512820512820513, 0.6666666666666666, 0.5384615384615384, 0.47435897435897434, 0.4358974358974359, 0.6282051282051282]
			Mean: 0.5472086984745212
		F1s: [0.5291051942383239, 0.4549764209481261, 0.5051476793248945, 0.5786263872637664, 0.5245677568447307, 0.6396604938271605, 0.5275824175824175, 0.46493888429372293, 0.29226020892687554, 0.6055840021127071]
			Mean: 0.5122449445362725
		Accuracies: [0.569620253164557, 0.46835443037974683, 0.5443037974683544, 0.5949367088607594, 0.5512820512820513, 0.6666666666666666, 0.5384615384615384, 0.47435897435897434, 0.4358974358974359, 0.6282051282051282]
			Mean: 0.5472086984745212

	Lag = 5
		Precisions: [0.6420534458509142, 0.345627562845427, 0.5864476592324693, 0.6494282744282744, 0.46753663003663004, 0.7617094017094016, 0.5972689219790022, 0.3194444444444445, 0.6653846153846154, 0.5108283529336161]
			Mean: 0.5545729308844795
		Recalls: [0.5063291139240507, 0.4810126582278481, 0.5949367088607594, 0.5769230769230769, 0.5256410256410257, 0.5641025641025641, 0.6153846153846154, 0.44871794871794873, 0.6153846153846154, 0.5384615384615384]
			Mean: 0.5466893865628043
		F1s: [0.4256030570814425, 0.3789993728481652, 0.5079167560609311, 0.4648257725180802, 0.4333855758017107, 0.44272767462422635, 0.5910014513788098, 0.32852852852852854, 0.5401966454598034, 0.5162721893491123]
			Mean: 0.462945702365081
		Accuracies: [0.5063291139240507, 0.4810126582278481, 0.5949367088607594, 0.5769230769230769, 0.5256410256410257, 0.5641025641025641, 0.6153846153846154, 0.44871794871794873, 0.6153846153846154, 0.5384615384615384]
			Mean: 0.5466893865628043

	Lag = 6
		Precisions: [0.7533268419344369, 0.7682064770672365, 0.6544432736213559, 0.7606275303643725, 0.5728744939271255, 0.5074481074481074, 0.5371120107962213, 0.31821170282708744, 0.3328402366863905, 0.2597402597402597]
			Mean: 0.5464830934412593
		Recalls: [0.5189873417721519, 0.620253164556962, 0.5128205128205128, 0.44871794871794873, 0.6153846153846154, 0.5641025641025641, 0.5641025641025641, 0.5641025641025641, 0.5769230769230769, 0.5]
			Mean: 0.548539435248296
		F1s: [0.36795751984552666, 0.4986549131698412, 0.4019053410357758, 0.30527485397678644, 0.49053970223325066, 0.5247734721418933, 0.42849002849002854, 0.40689365279529216, 0.42213883677298314, 0.34188034188034183]
			Mean: 0.418850866234172
		Accuracies: [0.5189873417721519, 0.620253164556962, 0.5128205128205128, 0.44871794871794873, 0.6153846153846154, 0.5641025641025641, 0.5641025641025641, 0.5641025641025641, 0.5769230769230769, 0.5]
			Mean: 0.548539435248296

	Lag = 7
		Precisions: [0.6476039783001808, 0.4688128772635815, 0.3923076923076923, 0.7630769230769231, 0.5480769230769231, 0.6451923076923077, 0.48832417582417575, 0.5392354124748491, 0.3626651126651127, 0.5237556561085973]
			Mean: 0.5379051058790343
		Recalls: [0.6075949367088608, 0.5, 0.48717948717948717, 0.5769230769230769, 0.5769230769230769, 0.6538461538461539, 0.5512820512820513, 0.5128205128205128, 0.4358974358974359, 0.5384615384615384]
			Mean: 0.5440928270042195
		F1s: [0.5236658987816754, 0.39759759759759755, 0.38811188811188807, 0.45759368836291914, 0.4792899408284025, 0.5861562920386449, 0.463251488702178, 0.4142292490118577, 0.3584131591678762, 0.4625722103982973]
			Mean: 0.4530881413001337
		Accuracies: [0.6075949367088608, 0.5, 0.48717948717948717, 0.5769230769230769, 0.5769230769230769, 0.6538461538461539, 0.5512820512820513, 0.5128205128205128, 0.4358974358974359, 0.5384615384615384]
			Mean: 0.5440928270042195

	Lag = 8
		Precisions: [0.3729556828148377, 0.6016968325791855, 0.6196292446292446, 0.5164387850955016, 0.7672064777327935, 0.25, 0.513763197586727, 0.43870741131015095, 0.326417004048583, 0.7542457542457541]
			Mean: 0.5161060390042778
		Recalls: [0.44871794871794873, 0.6025641025641025, 0.47435897435897434, 0.5769230769230769, 0.6153846153846154, 0.5, 0.6025641025641025, 0.47435897435897434, 0.5512820512820513, 0.5384615384615384]
			Mean: 0.5384615384615384
		F1s: [0.33863371321891717, 0.5367201228489559, 0.3503105652237021, 0.5138428909372704, 0.4929901342630369, 0.3333333333333333, 0.5420337238519057, 0.3528143528143528, 0.41004450095359185, 0.3902422287792493]
			Mean: 0.4260965566224315
		Accuracies: [0.44871794871794873, 0.6025641025641025, 0.47435897435897434, 0.5769230769230769, 0.6153846153846154, 0.5, 0.6025641025641025, 0.47435897435897434, 0.5512820512820513, 0.5384615384615384]
			Mean: 0.5384615384615384

	Lag = 9
		Precisions: [0.25, 0.23734385272846809, 0.26298487836949375, 0.34779750164365547, 0.26298487836949375, 0.48717948717948717, 0.27306027306027303, 0.2762984878369494, 0.31821170282708744, 0.35688986338336987]
			Mean: 0.30727509253982777
		Recalls: [0.5, 0.48717948717948717, 0.5128205128205128, 0.5897435897435898, 0.5128205128205128, 0.48717948717948717, 0.5128205128205128, 0.5256410256410257, 0.5641025641025641, 0.5974025974025974]
			Mean: 0.5289710289710289
		F1s: [0.3333333333333333, 0.31918656056587086, 0.3476749239461104, 0.43755169561621177, 0.3476749239461104, 0.48717948717948717, 0.3563667970447631, 0.3622064210299505, 0.40689365279529216, 0.44683771513039805]
			Mean: 0.38449055105875274
		Accuracies: [0.5, 0.48717948717948717, 0.5128205128205128, 0.5897435897435898, 0.5128205128205128, 0.48717948717948717, 0.5128205128205128, 0.5256410256410257, 0.5641025641025641, 0.5974025974025974]
			Mean: 0.5289710289710289

	Lag = 10
		Precisions: [0.518793193670041, 0.4611248966087676, 0.48599288035907745, 0.7643797643797644, 0.2597402597402597, 0.34143049932523617, 0.6863305613305614, 0.19813519813519812, 0.5730748125114322, 0.7539302802460698]
			Mean: 0.5042932346306407
		Recalls: [0.5256410256410257, 0.5128205128205128, 0.5256410256410257, 0.5641025641025641, 0.5, 0.5641025641025641, 0.6538461538461539, 0.4358974358974359, 0.6103896103896104, 0.4805194805194805]
			Mean: 0.5372960372960374
		F1s: [0.5214663392402823, 0.4677113010446344, 0.4265518387765763, 0.45267013688066327, 0.34188034188034183, 0.42538881883144175, 0.5579055091250213, 0.2724358974358974, 0.5201408760730794, 0.3259121830550402]
			Mean: 0.4312063242342978
		Accuracies: [0.5256410256410257, 0.5128205128205128, 0.5256410256410257, 0.5641025641025641, 0.5, 0.5641025641025641, 0.6538461538461539, 0.4358974358974359, 0.6103896103896104, 0.4805194805194805]
			Mean: 0.5372960372960374

	Lag = 11
		Precisions: [0.5641025641025641, 0.5427350427350428, 0.7759044608359676, 0.682398117180726, 0.43060200668896326, 0.4657829732456598, 0.47228661749209694, 0.5800865800865801, 0.552020202020202, 0.5276679841897233]
			Mean: 0.5593586548577526
		Recalls: [0.5769230769230769, 0.5641025641025641, 0.6282051282051282, 0.6282051282051282, 0.4358974358974359, 0.47435897435897434, 0.5256410256410257, 0.4935064935064935, 0.6233766233766234, 0.5454545454545454]
			Mean: 0.5495670995670995
		F1s: [0.562753036437247, 0.5034559643255295, 0.5360508437431514, 0.5612529749183383, 0.43212669683257915, 0.39750053867700924, 0.41024553389346596, 0.36001208094231346, 0.5279238667668419, 0.4580309696588765]
			Mean: 0.47493525061953523
		Accuracies: [0.5769230769230769, 0.5641025641025641, 0.6282051282051282, 0.6282051282051282, 0.4358974358974359, 0.47435897435897434, 0.5256410256410257, 0.4935064935064935, 0.6233766233766234, 0.5454545454545454]
			Mean: 0.5495670995670995

	Lag = 12
		Precisions: [0.45710059171597633, 0.5297990297990298, 0.28994082840236685, 0.7542457542457542, 0.339472733838931, 0.7532467532467533, 0.2802460697197539, 0.4565929565929565, 0.6009445100354192, 0.3086124401913876]
			Mean: 0.47702016677883285
		Recalls: [0.47435897435897434, 0.5512820512820513, 0.5384615384615384, 0.47435897435897434, 0.5128205128205128, 0.5128205128205128, 0.5194805194805194, 0.5454545454545454, 0.6233766233766234, 0.5454545454545454]
			Mean: 0.5297868797868798
		F1s: [0.4621433083778008, 0.4323909708525093, 0.37692307692307697, 0.31912232653125844, 0.40851803563667977, 0.3612068965517241, 0.3640803640803641, 0.4152544152544153, 0.5677732584704308, 0.39419404125286484]
			Mean: 0.41016066939311246
		Accuracies: [0.47435897435897434, 0.5512820512820513, 0.5384615384615384, 0.47435897435897434, 0.5128205128205128, 0.5128205128205128, 0.5194805194805194, 0.5454545454545454, 0.6233766233766234, 0.5454545454545454]
			Mean: 0.5297868797868798

	Lag = 13
		Precisions: [0.7602397602397603, 0.37869822485207105, 0.455202998785703, 0.5543184885290149, 0.5138326585695007, 0.5103896103896104, 0.2, 0.33834586466165417, 0.7586147186147185, 0.76]
			Mean: 0.5229642324642032
		Recalls: [0.5897435897435898, 0.6153846153846154, 0.46153846153846156, 0.5897435897435898, 0.5256410256410257, 0.5194805194805194, 0.42857142857142855, 0.5714285714285714, 0.5584415584415584, 0.5714285714285714]
			Mean: 0.5431401931401931
		F1s: [0.450485869000816, 0.4688644688644689, 0.4571872571872571, 0.45918947654723924, 0.383738768354153, 0.37698533350707264, 0.27272727272727276, 0.42502951593860683, 0.4256134065571452, 0.4407484407484407]
			Mean: 0.4160569809432473
		Accuracies: [0.5897435897435898, 0.6153846153846154, 0.46153846153846156, 0.5897435897435898, 0.5256410256410257, 0.5194805194805194, 0.42857142857142855, 0.5714285714285714, 0.5584415584415584, 0.5714285714285714]
			Mean: 0.5431401931401931

