Results for 'price' bitcoin estimating probabilities on 'count' mode:
	Lag = 1
		Precisions: [0.5210400273691412, 0.3808098649134858, 0.6397830018083183, 0.49861835029370394, 0.5058875478363262, 0.5230971560085484, 0.5290528153644697, 0.5689102564102564, 0.484914994425864, 0.4598490048043926]
			Mean: 0.5111963019234507
		Recalls: [0.5189873417721519, 0.379746835443038, 0.620253164556962, 0.4936708860759494, 0.5063291139240507, 0.5189873417721519, 0.5316455696202531, 0.5512820512820513, 0.47435897435897434, 0.46153846153846156]
			Mean: 0.5056799740344045
		F1s: [0.5186790003245699, 0.3787523618747247, 0.6151015602001766, 0.4958389619919614, 0.5053774592039043, 0.5207164722429056, 0.5233493126937298, 0.5488445710667934, 0.4789849782084468, 0.45581395348837217]
			Mean: 0.5041458631295584
		Accuracies: [0.5189873417721519, 0.379746835443038, 0.620253164556962, 0.4936708860759494, 0.5063291139240507, 0.5189873417721519, 0.5316455696202531, 0.5512820512820513, 0.47435897435897434, 0.46153846153846156]
			Mean: 0.5056799740344045

	Lag = 2
		Precisions: [0.4794738148423926, 0.5036166365280289, 0.5675188872767298, 0.54170210636914, 0.42831140895176634, 0.5506860972236995, 0.4112087912087912, 0.4584030100334448, 0.5089882943143812, 0.4505494505494505]
			Mean: 0.4900458497297825
		Recalls: [0.4810126582278481, 0.4810126582278481, 0.569620253164557, 0.5189873417721519, 0.43037974683544306, 0.5443037974683544, 0.4230769230769231, 0.46153846153846156, 0.5128205128205128, 0.46153846153846156]
			Mean: 0.4884290814670562
		F1s: [0.4801675396123586, 0.4828433014087022, 0.5671050468518823, 0.518062317429406, 0.4276257407766298, 0.5344750558451228, 0.41166525781910407, 0.4572450805008944, 0.5095639654463183, 0.4512959866220736]
			Mean: 0.48400492923124927
		Accuracies: [0.4810126582278481, 0.4810126582278481, 0.569620253164557, 0.5189873417721519, 0.43037974683544306, 0.5443037974683544, 0.4230769230769231, 0.46153846153846156, 0.5128205128205128, 0.46153846153846156]
			Mean: 0.4884290814670562

	Lag = 3
		Precisions: [0.5192498827941866, 0.5551253412757509, 0.5689660811827429, 0.46835443037974683, 0.5053824515849833, 0.40565417488494415, 0.4124199246150466, 0.4342277877161598, 0.5960863697705804, 0.4423031812194374]
			Mean: 0.49077696254235786
		Recalls: [0.5189873417721519, 0.5569620253164557, 0.569620253164557, 0.46835443037974683, 0.4810126582278481, 0.3974358974358974, 0.41025641025641024, 0.4358974358974359, 0.5897435897435898, 0.44871794871794873]
			Mean: 0.4876987990912041
		F1s: [0.50219667384864, 0.5552406538752375, 0.5689278790544613, 0.46835443037974683, 0.46958603066090415, 0.3999221332114549, 0.41025641025641024, 0.43477818477818486, 0.5913715913715913, 0.43956535387023393]
			Mean: 0.48401993413068645
		Accuracies: [0.5189873417721519, 0.5569620253164557, 0.569620253164557, 0.46835443037974683, 0.4810126582278481, 0.3974358974358974, 0.41025641025641024, 0.4358974358974359, 0.5897435897435898, 0.44871794871794873]
			Mean: 0.4876987990912041

	Lag = 4
		Precisions: [0.5798769199979986, 0.48464853218421766, 0.5490629623541016, 0.5443037974683544, 0.5242243457754783, 0.5362240386870929, 0.43870324358129237, 0.447954822954823, 0.5850881466645013, 0.5464190981432361]
			Mean: 0.5236505907811096
		Recalls: [0.5822784810126582, 0.4810126582278481, 0.4810126582278481, 0.5443037974683544, 0.5256410256410257, 0.48717948717948717, 0.4358974358974359, 0.44871794871794873, 0.5897435897435898, 0.5512820512820513]
			Mean: 0.5127069133398247
		F1s: [0.5802378287459883, 0.4764960882913943, 0.49243928579479196, 0.5443037974683544, 0.5206627455503017, 0.4841430499325237, 0.43701668701668706, 0.4482630204696552, 0.5838907469342252, 0.5443786982248521]
			Mean: 0.5111831948428774
		Accuracies: [0.5822784810126582, 0.4810126582278481, 0.4810126582278481, 0.5443037974683544, 0.5256410256410257, 0.48717948717948717, 0.4358974358974359, 0.44871794871794873, 0.5897435897435898, 0.5512820512820513]
			Mean: 0.5127069133398247

	Lag = 5
		Precisions: [0.5466052934407365, 0.5947852141125773, 0.5819282211687274, 0.5384615384615384, 0.5051892551892552, 0.4727272727272728, 0.5086308027484499, 0.5128205128205128, 0.5291005291005292, 0.5554716981132076]
			Mean: 0.5345720337882808
		Recalls: [0.5316455696202531, 0.5949367088607594, 0.5822784810126582, 0.5384615384615384, 0.48717948717948717, 0.3974358974358974, 0.48717948717948717, 0.5128205128205128, 0.5, 0.5]
			Mean: 0.5131937682570593
		F1s: [0.537069028698265, 0.5913858293605129, 0.5820100655787708, 0.5384615384615384, 0.4933954933954934, 0.41071527202430264, 0.47627566232217394, 0.5128205128205128, 0.5045387027562304, 0.4878210439105219]
			Mean: 0.5134493149328321
		Accuracies: [0.5316455696202531, 0.5949367088607594, 0.5822784810126582, 0.5384615384615384, 0.48717948717948717, 0.3974358974358974, 0.48717948717948717, 0.5128205128205128, 0.5, 0.5]
			Mean: 0.5131937682570593

	Lag = 6
		Precisions: [0.5306016768042084, 0.504923557455203, 0.4582232582232582, 0.48717948717948717, 0.47586080586080587, 0.5565640687591907, 0.4980421876973601, 0.46956819863223803, 0.5541666666666666, 0.5792746655518395]
			Mean: 0.5114404572830258
		Recalls: [0.5316455696202531, 0.5063291139240507, 0.46153846153846156, 0.48717948717948717, 0.48717948717948717, 0.5512820512820513, 0.47435897435897434, 0.47435897435897434, 0.5512820512820513, 0.5769230769230769]
			Mean: 0.5102077247646868
		F1s: [0.5310389911123954, 0.5048970307734677, 0.45867620751341687, 0.48717948717948717, 0.4787322035091424, 0.5516508807648048, 0.467852442435707, 0.4656320815971999, 0.5452273863068466, 0.5780062231675134]
			Mean: 0.5068892934359981
		Accuracies: [0.5316455696202531, 0.5063291139240507, 0.46153846153846156, 0.48717948717948717, 0.48717948717948717, 0.5512820512820513, 0.47435897435897434, 0.47435897435897434, 0.5512820512820513, 0.5769230769230769]
			Mean: 0.5102077247646868

	Lag = 7
		Precisions: [0.48906016060977264, 0.5266272189349113, 0.557966972601119, 0.5006578947368422, 0.5243898258604142, 0.43892888720474926, 0.5641025641025641, 0.513722730471499, 0.46956819863223803, 0.5851413543721237]
			Mean: 0.5170165807526235
		Recalls: [0.4810126582278481, 0.5384615384615384, 0.5256410256410257, 0.5, 0.5256410256410257, 0.4358974358974359, 0.5641025641025641, 0.5128205128205128, 0.47435897435897434, 0.5769230769230769]
			Mean: 0.5134858812074001
		F1s: [0.4754924060832933, 0.5269230769230769, 0.5350239504085658, 0.5002469135802469, 0.5249298427709223, 0.4269017803901525, 0.5641025641025641, 0.5046791443850268, 0.4656320815971999, 0.5786687318293193]
			Mean: 0.5102600492070367
		Accuracies: [0.4810126582278481, 0.5384615384615384, 0.5256410256410257, 0.5, 0.5256410256410257, 0.4358974358974359, 0.5641025641025641, 0.5128205128205128, 0.47435897435897434, 0.5769230769230769]
			Mean: 0.5134858812074001

	Lag = 8
		Precisions: [0.5636955636955636, 0.4802350427350427, 0.5395748987854251, 0.40808080808080804, 0.4490466798159106, 0.5743927125506073, 0.47628205128205137, 0.5914529914529916, 0.41046208693267516, 0.5267312340483071]
			Mean: 0.5019954069379382
		Recalls: [0.5641025641025641, 0.47435897435897434, 0.5256410256410257, 0.41025641025641024, 0.44871794871794873, 0.5384615384615384, 0.47435897435897434, 0.5897435897435898, 0.41025641025641024, 0.5256410256410257]
			Mean: 0.49615384615384617
		F1s: [0.5635278806010513, 0.46765236972362073, 0.5283811748574911, 0.40674603174603174, 0.44880857539085384, 0.5477855477855479, 0.474618208795424, 0.5842588783765255, 0.4079238713385055, 0.5254070823691077]
			Mean: 0.49551096209841594
		Accuracies: [0.5641025641025641, 0.47435897435897434, 0.5256410256410257, 0.41025641025641024, 0.44871794871794873, 0.5384615384615384, 0.47435897435897434, 0.5897435897435898, 0.41025641025641024, 0.5256410256410257]
			Mean: 0.49615384615384617

	Lag = 9
		Precisions: [0.44216250461960827, 0.5265284045771851, 0.5374135861940741, 0.5236204013377926, 0.5648448043184886, 0.4293614881850175, 0.44720965309200605, 0.4797240802675585, 0.6071024119804608, 0.5221331859629732]
			Mean: 0.5080100520535165
		Recalls: [0.44871794871794873, 0.48717948717948717, 0.5256410256410257, 0.5128205128205128, 0.5641025641025641, 0.4230769230769231, 0.44871794871794873, 0.46153846153846156, 0.6025641025641025, 0.5194805194805194]
			Mean: 0.4993839493839494
		F1s: [0.4436331738025517, 0.4953573558224721, 0.5272807850585628, 0.509609046194412, 0.5641025641025641, 0.41010264098719873, 0.44789143889593663, 0.459412955465587, 0.6039470609478894, 0.5135815591058557]
			Mean: 0.4974918580383029
		Accuracies: [0.44871794871794873, 0.48717948717948717, 0.5256410256410257, 0.5128205128205128, 0.5641025641025641, 0.4230769230769231, 0.44871794871794873, 0.46153846153846156, 0.6025641025641025, 0.5194805194805194]
			Mean: 0.4993839493839494

	Lag = 10
		Precisions: [0.511559758071386, 0.5106837606837608, 0.4902564102564102, 0.507051282051282, 0.4783569500674763, 0.5228539576365663, 0.43319838056680166, 0.4878205128205128, 0.5324675324675324, 0.5481060606060606]
			Mean: 0.5022354605227789
		Recalls: [0.5128205128205128, 0.5128205128205128, 0.48717948717948717, 0.5128205128205128, 0.47435897435897434, 0.5256410256410257, 0.4230769230769231, 0.48717948717948717, 0.5324675324675324, 0.5454545454545454]
			Mean: 0.5013819513819513
		F1s: [0.5118538868538869, 0.506307418072124, 0.47689565336624157, 0.506915306915307, 0.47566028074362793, 0.5220851112905086, 0.42642279013447193, 0.48717948717948717, 0.5324675324675324, 0.5422149545685945]
			Mean: 0.4988002421591782
		Accuracies: [0.5128205128205128, 0.5128205128205128, 0.48717948717948717, 0.5128205128205128, 0.47435897435897434, 0.5256410256410257, 0.4230769230769231, 0.48717948717948717, 0.5324675324675324, 0.5454545454545454]
			Mean: 0.5013819513819513

	Lag = 11
		Precisions: [0.5591223226691208, 0.5397764628533859, 0.5897435897435898, 0.48717948717948717, 0.5182445759368836, 0.5103341103341104, 0.5814555814555814, 0.5011942080907599, 0.5889413616686343, 0.45330859616573904]
			Mean: 0.5329300296097292
		Recalls: [0.5512820512820513, 0.5384615384615384, 0.5897435897435898, 0.48717948717948717, 0.48717948717948717, 0.5128205128205128, 0.5769230769230769, 0.5064935064935064, 0.5844155844155844, 0.45454545454545453]
			Mean: 0.5289044289044289
		F1s: [0.5438819052012456, 0.5387651821862348, 0.5897435897435898, 0.48717948717948717, 0.47491268421500976, 0.5102308544169009, 0.5744791600543375, 0.5035184673482546, 0.5862914862914863, 0.45362158167036215]
			Mean: 0.5262624398306908
		Accuracies: [0.5512820512820513, 0.5384615384615384, 0.5897435897435898, 0.48717948717948717, 0.48717948717948717, 0.5128205128205128, 0.5769230769230769, 0.5064935064935064, 0.5844155844155844, 0.45454545454545453]
			Mean: 0.5289044289044289

	Lag = 12
		Precisions: [0.52038787110853, 0.46260683760683763, 0.5265960144008925, 0.4868686868686869, 0.45619658119658113, 0.43892888720474926, 0.5023612750885479, 0.44208423155791576, 0.5041322314049587, 0.4624531024531024]
			Mean: 0.48026157188908014
		Recalls: [0.5128205128205128, 0.44871794871794873, 0.5256410256410257, 0.48717948717948717, 0.46153846153846156, 0.4358974358974359, 0.4935064935064935, 0.44155844155844154, 0.5194805194805194, 0.4675324675324675]
			Mean: 0.4793872793872794
		F1s: [0.507987382987383, 0.44280388149013333, 0.5260324755290922, 0.4841269841269841, 0.4585819122538409, 0.4269017803901525, 0.4972170686456401, 0.44174694503808426, 0.49688419737253153, 0.4553828194277633]
			Mean: 0.4737665447261604
		Accuracies: [0.5128205128205128, 0.44871794871794873, 0.5256410256410257, 0.48717948717948717, 0.46153846153846156, 0.4358974358974359, 0.4935064935064935, 0.44155844155844154, 0.5194805194805194, 0.4675324675324675]
			Mean: 0.4793872793872794

	Lag = 13
		Precisions: [0.47628205128205137, 0.48376068376068376, 0.564000814000814, 0.5474367773612797, 0.54866452991453, 0.5495792773469724, 0.6073593073593073, 0.5138996138996139, 0.5340452140452141, 0.4805194805194805]
			Mean: 0.5305547749489947
		Recalls: [0.47435897435897434, 0.48717948717948717, 0.5512820512820513, 0.5384615384615384, 0.5512820512820513, 0.5584415584415584, 0.5974025974025974, 0.5064935064935064, 0.5064935064935064, 0.4805194805194805]
			Mean: 0.5251914751914752
		F1s: [0.474618208795424, 0.48032359797065677, 0.5554208215620257, 0.5338827838827839, 0.5454877728900871, 0.5283501683501683, 0.5974025974025974, 0.5088435374149659, 0.49709338280766857, 0.4805194805194805]
			Mean: 0.5201942351595858
		Accuracies: [0.47435897435897434, 0.48717948717948717, 0.5512820512820513, 0.5384615384615384, 0.5512820512820513, 0.5584415584415584, 0.5974025974025974, 0.5064935064935064, 0.5064935064935064, 0.4805194805194805]
			Mean: 0.5251914751914752

Results for 'price' bitcoin estimating probabilities on 'paper' mode:
	Lag = 1
		Precisions: [0.4846758726505561, 0.542179339647694, 0.4575577066269546, 0.6318565400843883, 0.5483881025129389, 0.4694880030228603, 0.4945147679324894, 0.4539719400096759, 0.5308857808857809, 0.5043545534924846]
			Mean: 0.5117872606865823
		Recalls: [0.4936708860759494, 0.5443037974683544, 0.4810126582278481, 0.6075949367088608, 0.5569620253164557, 0.5316455696202531, 0.4936708860759494, 0.47435897435897434, 0.48717948717948717, 0.47435897435897434]
			Mean: 0.5144758195391107
		F1s: [0.4734245270178305, 0.48556962025316447, 0.4348397332052241, 0.57910347996825, 0.5315664144695615, 0.4658825286583772, 0.4912272127462001, 0.460666039613408, 0.42014412602647894, 0.4434072498588628]
			Mean: 0.47858309318173575
		Accuracies: [0.4936708860759494, 0.5443037974683544, 0.4810126582278481, 0.6075949367088608, 0.5569620253164557, 0.5316455696202531, 0.4936708860759494, 0.47435897435897434, 0.48717948717948717, 0.47435897435897434]
			Mean: 0.5144758195391107

	Lag = 2
		Precisions: [0.6283250779673454, 0.42571921749136943, 0.5592340149302175, 0.5568638995191836, 0.46835443037974683, 0.47610436579695176, 0.49441157133464825, 0.5913155181447863, 0.5386141636141636, 0.539292497625831]
			Mean: 0.5278234756804243
		Recalls: [0.620253164556962, 0.4430379746835443, 0.569620253164557, 0.5569620253164557, 0.46835443037974683, 0.46835443037974683, 0.46153846153846156, 0.5641025641025641, 0.5256410256410257, 0.5384615384615384]
			Mean: 0.5216325868224603
		F1s: [0.6178094912272127, 0.42076697971961347, 0.5140295358649789, 0.556107976208632, 0.46835443037974683, 0.4611421842802473, 0.47053681612505144, 0.5684269434269433, 0.5300162970798556, 0.5207222427538145]
			Mean: 0.5127912897066096
		Accuracies: [0.620253164556962, 0.4430379746835443, 0.569620253164557, 0.5569620253164557, 0.46835443037974683, 0.46835443037974683, 0.46153846153846156, 0.5641025641025641, 0.5256410256410257, 0.5384615384615384]
			Mean: 0.5216325868224603

	Lag = 3
		Precisions: [0.43906753675603427, 0.5279130152547874, 0.5355635925256178, 0.5107813182016586, 0.45255461042420686, 0.42562067562067557, 0.48766788766788766, 0.5506942669733368, 0.4528311965811966, 0.45683760683760694]
			Mean: 0.4839531706843008
		Recalls: [0.46835443037974683, 0.4936708860759494, 0.5189873417721519, 0.46835443037974683, 0.46835443037974683, 0.4230769230769231, 0.44871794871794873, 0.5512820512820513, 0.44871794871794873, 0.46153846153846156]
			Mean: 0.4751054852320675
		F1s: [0.4469471332836933, 0.48336767736237857, 0.4725029252207211, 0.463747745405502, 0.4531696610861576, 0.42260271374195424, 0.39564151847919105, 0.5501711799780789, 0.44168419263696806, 0.4543397778691896]
			Mean: 0.45841745250638344
		Accuracies: [0.46835443037974683, 0.4936708860759494, 0.5189873417721519, 0.46835443037974683, 0.46835443037974683, 0.4230769230769231, 0.44871794871794873, 0.5512820512820513, 0.44871794871794873, 0.46153846153846156]
			Mean: 0.4751054852320675

	Lag = 4
		Precisions: [0.5514011348756002, 0.5947008412611053, 0.516714027383105, 0.5474010234311878, 0.5675213675213675, 0.49173789173789173, 0.5294004241372662, 0.4898500752159289, 0.5494920174165457, 0.532304318488529]
			Mean: 0.5370523121468527
		Recalls: [0.5569620253164557, 0.5189873417721519, 0.46835443037974683, 0.5443037974683544, 0.5128205128205128, 0.47435897435897434, 0.44871794871794873, 0.48717948717948717, 0.5256410256410257, 0.5256410256410257]
			Mean: 0.5062966569295683
		F1s: [0.5497796065374669, 0.5021206641459806, 0.46682083739045765, 0.5401825139829262, 0.517958859422274, 0.4734084480919923, 0.4264021835236228, 0.48819698819698826, 0.5107651027490034, 0.526812282367838]
			Mean: 0.500244748640855
		Accuracies: [0.5569620253164557, 0.5189873417721519, 0.46835443037974683, 0.5443037974683544, 0.5128205128205128, 0.47435897435897434, 0.44871794871794873, 0.48717948717948717, 0.5256410256410257, 0.5256410256410257]
			Mean: 0.5062966569295683

	Lag = 5
		Precisions: [0.6279181532346089, 0.5188791517905441, 0.5569412400490532, 0.5739535826492348, 0.5384615384615384, 0.5680789798436857, 0.34568352842809363, 0.4812623274161736, 0.5128205128205128, 0.5103632478632479]
			Mean: 0.5234362262556693
		Recalls: [0.5822784810126582, 0.5189873417721519, 0.5189873417721519, 0.5256410256410257, 0.5384615384615384, 0.5384615384615384, 0.34615384615384615, 0.48717948717948717, 0.5128205128205128, 0.48717948717948717]
			Mean: 0.5056150600454398
		F1s: [0.5893115129010641, 0.5066293090508831, 0.49260200646377594, 0.5072648855979395, 0.5384615384615384, 0.5402834008097166, 0.34129775159648074, 0.47254738015607584, 0.5128205128205128, 0.48244679951997027]
			Mean: 0.4983665097377957
		Accuracies: [0.5822784810126582, 0.5189873417721519, 0.5189873417721519, 0.5256410256410257, 0.5384615384615384, 0.5384615384615384, 0.34615384615384615, 0.48717948717948717, 0.5128205128205128, 0.48717948717948717]
			Mean: 0.5056150600454398

	Lag = 6
		Precisions: [0.5787731256085686, 0.5790917942816677, 0.5538553031862576, 0.5119301994301995, 0.5145299145299146, 0.5080128205128205, 0.48433622828784123, 0.47692307692307695, 0.5634226884226885, 0.537873720482416]
			Mean: 0.5308748871665452
		Recalls: [0.5822784810126582, 0.5569620253164557, 0.5641025641025641, 0.5256410256410257, 0.48717948717948717, 0.5128205128205128, 0.5256410256410257, 0.46153846153846156, 0.5512820512820513, 0.5256410256410257]
			Mean: 0.5293086660175268
		F1s: [0.5330059558372182, 0.5001310591668349, 0.5337132003798671, 0.5083177641276541, 0.44871794871794873, 0.4566074950690335, 0.48103698704499775, 0.42115384615384616, 0.4892335079250967, 0.5049956017697952]
			Mean: 0.48769133661922914
		Accuracies: [0.5822784810126582, 0.5569620253164557, 0.5641025641025641, 0.5256410256410257, 0.48717948717948717, 0.5128205128205128, 0.5256410256410257, 0.46153846153846156, 0.5512820512820513, 0.5256410256410257]
			Mean: 0.5293086660175268

	Lag = 7
		Precisions: [0.5055221230776326, 0.3535240926545274, 0.43598901098901105, 0.4277389277389277, 0.4223641835172378, 0.42474916387959866, 0.5340909090909091, 0.4112087912087912, 0.4437869822485207, 0.504720406681191]
			Mean: 0.44636945910863474
		Recalls: [0.46835443037974683, 0.44871794871794873, 0.44871794871794873, 0.3974358974358974, 0.4230769230769231, 0.48717948717948717, 0.5, 0.4230769230769231, 0.46153846153846156, 0.5]
			Mean: 0.4558098020123337
		F1s: [0.4288740302164149, 0.3519772569157695, 0.4406318444282206, 0.4013042101930991, 0.417054362373335, 0.3963717441978312, 0.47692307692307695, 0.41166525781910407, 0.44807692307692304, 0.4880093912460171]
			Mean: 0.4260888097389791
		Accuracies: [0.46835443037974683, 0.44871794871794873, 0.44871794871794873, 0.3974358974358974, 0.4230769230769231, 0.48717948717948717, 0.5, 0.4230769230769231, 0.46153846153846156, 0.5]
			Mean: 0.4558098020123337

	Lag = 8
		Precisions: [0.5903022177531981, 0.40405391709739535, 0.43565088757396453, 0.4778554778554779, 0.44756818238013996, 0.5, 0.4708849491877457, 0.48538461538461536, 0.46676163342830007, 0.518925518925519]
			Mean: 0.4797387399586356
		Recalls: [0.5897435897435898, 0.41025641025641024, 0.4230769230769231, 0.48717948717948717, 0.48717948717948717, 0.5, 0.5128205128205128, 0.4230769230769231, 0.44871794871794873, 0.5128205128205128]
			Mean: 0.47948717948717945
		F1s: [0.5799888517279822, 0.38501602564102566, 0.40837273670856883, 0.46153846153846156, 0.44280078895463504, 0.49925925925925935, 0.4716400580551524, 0.421085243870054, 0.4293958040394398, 0.5128205128205128]
			Mean: 0.46119177426150915
		Accuracies: [0.5897435897435898, 0.41025641025641024, 0.4230769230769231, 0.48717948717948717, 0.48717948717948717, 0.5, 0.5128205128205128, 0.4230769230769231, 0.44871794871794873, 0.5128205128205128]
			Mean: 0.47948717948717945

	Lag = 9
		Precisions: [0.5716748643577912, 0.4984899158812202, 0.5954630165156481, 0.4984899158812202, 0.5207646671061306, 0.49863006617038874, 0.4539811066126855, 0.6054199737902727, 0.6133209513491203, 0.5327776700911029]
			Mean: 0.5389012147755581
		Recalls: [0.5641025641025641, 0.48717948717948717, 0.6025641025641025, 0.48717948717948717, 0.5, 0.5256410256410257, 0.4358974358974359, 0.5256410256410257, 0.5256410256410257, 0.4675324675324675]
			Mean: 0.512137862137862
		F1s: [0.5664196268847431, 0.46523132664437017, 0.5811719633501812, 0.46523132664437017, 0.5064564816367599, 0.4801982331394096, 0.44037444037444035, 0.4880688480343355, 0.430917381141859, 0.38875154361797376]
			Mean: 0.4812821171468443
		Accuracies: [0.5641025641025641, 0.48717948717948717, 0.6025641025641025, 0.48717948717948717, 0.5, 0.5256410256410257, 0.4358974358974359, 0.5256410256410257, 0.5256410256410257, 0.4675324675324675]
			Mean: 0.512137862137862

	Lag = 10
		Precisions: [0.5181255526083112, 0.48046398046398053, 0.5670611439842208, 0.6083333333333334, 0.5697731755424064, 0.5463736263736263, 0.509124826214737, 0.5167390748786098, 0.557864357864358, 0.5402939809719471]
			Mean: 0.5414153052235531
		Recalls: [0.5256410256410257, 0.47435897435897434, 0.5641025641025641, 0.5769230769230769, 0.5512820512820513, 0.5384615384615384, 0.5128205128205128, 0.5128205128205128, 0.5584415584415584, 0.5324675324675324]
			Mean: 0.5347319347319347
		F1s: [0.49563107457844296, 0.47672317687310195, 0.5516652731326644, 0.543859649122807, 0.5388657404421283, 0.5292060880296174, 0.5079356917592212, 0.5144487865076102, 0.5484758297258296, 0.4966869864829049]
			Mean: 0.5203498296654328
		Accuracies: [0.5256410256410257, 0.47435897435897434, 0.5641025641025641, 0.5769230769230769, 0.5512820512820513, 0.5384615384615384, 0.5128205128205128, 0.5128205128205128, 0.5584415584415584, 0.5324675324675324]
			Mean: 0.5347319347319347

	Lag = 11
		Precisions: [0.49027622940666415, 0.5402118407044515, 0.4393162393162393, 0.5017726846451199, 0.5420424403183024, 0.5183436355311355, 0.41232423490488, 0.6060606060606061, 0.4945250827603769, 0.5371057513914657]
			Mean: 0.5081978745039242
		Recalls: [0.41025641025641024, 0.41025641025641024, 0.4358974358974359, 0.48717948717948717, 0.5384615384615384, 0.47435897435897434, 0.4358974358974359, 0.5454545454545454, 0.5064935064935064, 0.5194805194805194]
			Mean: 0.47637362637362635
		F1s: [0.32221611721611726, 0.4254680504680505, 0.3935897435897436, 0.4519230769230769, 0.5092296865695881, 0.4176311018416281, 0.38271062271062267, 0.5656565656565656, 0.4644540644540645, 0.49373084169488185]
			Mean: 0.4426609871124339
		Accuracies: [0.41025641025641024, 0.41025641025641024, 0.4358974358974359, 0.48717948717948717, 0.5384615384615384, 0.47435897435897434, 0.4358974358974359, 0.5454545454545454, 0.5064935064935064, 0.5194805194805194]
			Mean: 0.47637362637362635

	Lag = 12
		Precisions: [0.5120808678500987, 0.5533210435171219, 0.45104203640789, 0.5061965811965812, 0.4462506047411708, 0.5126657380178506, 0.506789594053745, 0.4807503607503607, 0.49193231011412825, 0.4779465817201667]
			Mean: 0.49389757183691135
		Recalls: [0.5256410256410257, 0.5384615384615384, 0.4358974358974359, 0.5128205128205128, 0.44871794871794873, 0.44871794871794873, 0.5194805194805194, 0.4805194805194805, 0.4935064935064935, 0.4675324675324675]
			Mean: 0.4871295371295371
		F1s: [0.5168145694461483, 0.5276635129576306, 0.4388722681405608, 0.5081870122630991, 0.4305438151591997, 0.34587373410902816, 0.5025058794907145, 0.46871310507674147, 0.49263757344045556, 0.44875573864337903]
			Mean: 0.4680567208726957
		Accuracies: [0.5256410256410257, 0.5384615384615384, 0.4358974358974359, 0.5128205128205128, 0.44871794871794873, 0.44871794871794873, 0.5194805194805194, 0.4805194805194805, 0.4935064935064935, 0.4675324675324675]
			Mean: 0.4871295371295371

	Lag = 13
		Precisions: [0.42832513564220875, 0.5613154960981047, 0.42728937728937727, 0.5999662618083672, 0.44384615384615383, 0.4947499309201437, 0.5433884297520661, 0.44224598930481285, 0.4409271284271284, 0.5493025493025492]
			Mean: 0.49313564523909126
		Recalls: [0.4230769230769231, 0.5641025641025641, 0.4358974358974359, 0.5897435897435898, 0.4358974358974359, 0.4935064935064935, 0.5454545454545454, 0.4805194805194805, 0.44155844155844154, 0.5324675324675324]
			Mean: 0.4942224442224442
		F1s: [0.4250844433114524, 0.5623413623413623, 0.42450142450142453, 0.591366225512567, 0.42540250447227196, 0.487288670408875, 0.5435945129039759, 0.4364459070341424, 0.4375783727557018, 0.5223941585090697]
			Mean: 0.48559975817508433
		Accuracies: [0.4230769230769231, 0.5641025641025641, 0.4358974358974359, 0.5897435897435898, 0.4358974358974359, 0.4935064935064935, 0.5454545454545454, 0.4805194805194805, 0.44155844155844154, 0.5324675324675324]
			Mean: 0.4942224442224442

Results for 'transactions' bitcoin estimating probabilities on 'count' mode:
	Lag = 1
		Precisions: [0.6425840244434745, 0.48848430050961694, 0.5567330651228208, 0.5276309587934286, 0.44034086208322987, 0.4803993719948974, 0.43104279686558167, 0.5558608058608059, 0.48646723646723644, 0.5330948121645795]
			Mean: 0.5142638234305672
		Recalls: [0.6455696202531646, 0.4810126582278481, 0.5443037974683544, 0.5316455696202531, 0.4430379746835443, 0.4810126582278481, 0.43037974683544306, 0.5384615384615384, 0.48717948717948717, 0.5256410256410257]
			Mean: 0.5108244076598507
		F1s: [0.6402673040667923, 0.4840770414169243, 0.544888023369036, 0.5288801506447454, 0.4414104882459312, 0.4800122007015404, 0.42226471004112853, 0.544055944055944, 0.4865033889424134, 0.5250951580065504]
			Mean: 0.5097454409491006
		Accuracies: [0.6455696202531646, 0.4810126582278481, 0.5443037974683544, 0.5316455696202531, 0.4430379746835443, 0.4810126582278481, 0.43037974683544306, 0.5384615384615384, 0.48717948717948717, 0.5256410256410257]
			Mean: 0.5108244076598507

	Lag = 2
		Precisions: [0.5023313358470239, 0.5941820837390458, 0.5224544532757662, 0.5801743872879074, 0.5832722415000896, 0.5272306664711728, 0.509124826214737, 0.5016611295681063, 0.4926702926702926, 0.47115384615384615]
			Mean: 0.5284255262727988
		Recalls: [0.5063291139240507, 0.5569620253164557, 0.5189873417721519, 0.5822784810126582, 0.5822784810126582, 0.5189873417721519, 0.5128205128205128, 0.5, 0.48717948717948717, 0.47435897435897434]
			Mean: 0.52401817591691
		F1s: [0.5023096473381855, 0.5648978952423945, 0.5203928982409997, 0.5788773939015416, 0.5826824019012842, 0.521798454709847, 0.5079356917592212, 0.49876543209876534, 0.489618171683389, 0.4593406593406594]
			Mean: 0.5226618646216288
		Accuracies: [0.5063291139240507, 0.5569620253164557, 0.5189873417721519, 0.5822784810126582, 0.5822784810126582, 0.5189873417721519, 0.5128205128205128, 0.5, 0.48717948717948717, 0.47435897435897434]
			Mean: 0.52401817591691

	Lag = 3
		Precisions: [0.5916530556689805, 0.5807148175725987, 0.5587445104624128, 0.5890295358649789, 0.45835626490552184, 0.4739955715565471, 0.5033068783068783, 0.5349970226817516, 0.47719829988851725, 0.52471249680552]
			Mean: 0.5292708453713707
		Recalls: [0.5949367088607594, 0.5822784810126582, 0.5569620253164557, 0.569620253164557, 0.45569620253164556, 0.47435897435897434, 0.5, 0.5384615384615384, 0.47435897435897434, 0.5256410256410257]
			Mean: 0.5272314183706588
		F1s: [0.5929167788849987, 0.5806554736537953, 0.5504690408315968, 0.5735125764563503, 0.45695679031734565, 0.4740993985438429, 0.49958901857636034, 0.5310023310023311, 0.4757047015111531, 0.5250908163915621]
			Mean: 0.5259996926169337
		Accuracies: [0.5949367088607594, 0.5822784810126582, 0.5569620253164557, 0.569620253164557, 0.45569620253164556, 0.47435897435897434, 0.5, 0.5384615384615384, 0.47435897435897434, 0.5256410256410257]
			Mean: 0.5272314183706588

	Lag = 4
		Precisions: [0.47911976117809907, 0.4818332493784632, 0.494259640859582, 0.5298527376127816, 0.4112087912087912, 0.5310650887573964, 0.46538461538461534, 0.5786217737437249, 0.5711579061332756, 0.5089882943143812]
			Mean: 0.5051491858571111
		Recalls: [0.4810126582278481, 0.4810126582278481, 0.4936708860759494, 0.5316455696202531, 0.4230769230769231, 0.5384615384615384, 0.46153846153846156, 0.5384615384615384, 0.5769230769230769, 0.5128205128205128]
			Mean: 0.503862382343395
		F1s: [0.4799911971648227, 0.48134614406995063, 0.4926959262930405, 0.5286126770809638, 0.41166525781910407, 0.5257906129560214, 0.46224696356275313, 0.5458216202402247, 0.5731997079710626, 0.5095639654463183]
			Mean: 0.5010934072604262
		Accuracies: [0.4810126582278481, 0.4810126582278481, 0.4936708860759494, 0.5316455696202531, 0.4230769230769231, 0.5384615384615384, 0.46153846153846156, 0.5384615384615384, 0.5769230769230769, 0.5128205128205128]
			Mean: 0.503862382343395

	Lag = 5
		Precisions: [0.4371890004364906, 0.48452204277608035, 0.46203404626800526, 0.5174139585904292, 0.5786282682834406, 0.5862238882142794, 0.4898504273504274, 0.5270833333333333, 0.45049857549857547, 0.5403846153846154]
			Mean: 0.5073828156135678
		Recalls: [0.4430379746835443, 0.4936708860759494, 0.46835443037974683, 0.5128205128205128, 0.5769230769230769, 0.5897435897435898, 0.48717948717948717, 0.5256410256410257, 0.4230769230769231, 0.5384615384615384]
			Mean: 0.5058909444985394
		F1s: [0.4330272193265492, 0.487886212059344, 0.4649186256781193, 0.5147889147889148, 0.5698989925050633, 0.5864283864283865, 0.4803645966436665, 0.519240379810095, 0.42831388779565044, 0.5390700268749049]
			Mean: 0.5023937241910693
		Accuracies: [0.4430379746835443, 0.4936708860759494, 0.46835443037974683, 0.5128205128205128, 0.5769230769230769, 0.5897435897435898, 0.48717948717948717, 0.5256410256410257, 0.4230769230769231, 0.5384615384615384]
			Mean: 0.5058909444985394

	Lag = 6
		Precisions: [0.5051843129558762, 0.529535864978903, 0.6153846153846154, 0.447954822954823, 0.496969696969697, 0.496969696969697, 0.5010458839406208, 0.5219017094017093, 0.5528068830394411, 0.4687705456936227]
			Mean: 0.5136524032289006
		Recalls: [0.4936708860759494, 0.5316455696202531, 0.6153846153846154, 0.44871794871794873, 0.5, 0.5, 0.48717948717948717, 0.5256410256410257, 0.5512820512820513, 0.4358974358974359]
			Mean: 0.5089419019798767
		F1s: [0.4943200259655956, 0.5298258340966796, 0.6153846153846154, 0.4482630204696552, 0.497751124437781, 0.497751124437781, 0.4912684215009796, 0.5195156456266635, 0.5519547918348519, 0.44532428355957765]
			Mean: 0.5091358887314181
		Accuracies: [0.4936708860759494, 0.5316455696202531, 0.6153846153846154, 0.44871794871794873, 0.5, 0.5, 0.48717948717948717, 0.5256410256410257, 0.5512820512820513, 0.4358974358974359]
			Mean: 0.5089419019798767

	Lag = 7
		Precisions: [0.48638643420109867, 0.5472370766488414, 0.4972222222222222, 0.4826390722066768, 0.5499105545617174, 0.45920745920745926, 0.5494770580296896, 0.5351170568561873, 0.4966032608695652, 0.48140717667141825]
			Mean: 0.5085207371474876
		Recalls: [0.4810126582278481, 0.5128205128205128, 0.5, 0.48717948717948717, 0.5384615384615384, 0.44871794871794873, 0.5256410256410257, 0.5384615384615384, 0.5, 0.48717948717948717]
			Mean: 0.5019474196689386
		F1s: [0.46569074228246715, 0.525, 0.49853321829163066, 0.4820375702728644, 0.5384615384615383, 0.44790230866180225, 0.5305929088861979, 0.5353763883175648, 0.49625187406296845, 0.483035483035483]
			Mean: 0.5002882032272516
		Accuracies: [0.4810126582278481, 0.5128205128205128, 0.5, 0.48717948717948717, 0.5384615384615384, 0.44871794871794873, 0.5256410256410257, 0.5384615384615384, 0.5, 0.48717948717948717]
			Mean: 0.5019474196689386

	Lag = 8
		Precisions: [0.5903580805541591, 0.6007326007326008, 0.5149501661129567, 0.5612458193979933, 0.5709401709401709, 0.5050549450549451, 0.447860962566845, 0.5555555555555555, 0.6060728744939271, 0.5510200632151853]
			Mean: 0.5503791238624338
		Recalls: [0.5769230769230769, 0.5641025641025641, 0.5, 0.5641025641025641, 0.5641025641025641, 0.5128205128205128, 0.44871794871794873, 0.5128205128205128, 0.5769230769230769, 0.5512820512820513]
			Mean: 0.5371794871794872
		F1s: [0.5667771772081684, 0.5571835571835572, 0.5054945054945055, 0.5611888111888111, 0.567170104115917, 0.5035535117056857, 0.44644330747648137, 0.526195378631892, 0.5839471613410906, 0.5510604621715733]
			Mean: 0.5369013976517683
		Accuracies: [0.5769230769230769, 0.5641025641025641, 0.5, 0.5641025641025641, 0.5641025641025641, 0.5128205128205128, 0.44871794871794873, 0.5128205128205128, 0.5769230769230769, 0.5512820512820513]
			Mean: 0.5371794871794872

	Lag = 9
		Precisions: [0.6297819827231592, 0.5159340659340659, 0.5723824786324786, 0.5513079513079513, 0.5592128801431127, 0.5932532583695375, 0.6021062271062272, 0.5769736842105263, 0.5851413543721237, 0.47061073568787454]
			Mean: 0.5656704618487056
		Recalls: [0.6282051282051282, 0.5256410256410257, 0.5769230769230769, 0.5384615384615384, 0.5512820512820513, 0.5897435897435898, 0.6025641025641025, 0.5769230769230769, 0.5769230769230769, 0.45454545454545453]
			Mean: 0.562121212121212
		F1s: [0.6288909815658096, 0.5186832149731201, 0.5722738799661876, 0.5435299086637453, 0.5507656900061964, 0.5911147675853559, 0.602236131036263, 0.5768535262206148, 0.5786687318293193, 0.45122850122850117]
			Mean: 0.5614245333075113
		Accuracies: [0.6282051282051282, 0.5256410256410257, 0.5769230769230769, 0.5384615384615384, 0.5512820512820513, 0.5897435897435898, 0.6025641025641025, 0.5769230769230769, 0.5769230769230769, 0.45454545454545453]
			Mean: 0.562121212121212

	Lag = 10
		Precisions: [0.48717948717948717, 0.4342277877161598, 0.5872003901895206, 0.4396761133603239, 0.5739443979933111, 0.4884004884004884, 0.5362230362230362, 0.6050894884113827, 0.4673306423306423, 0.52752276459173]
			Mean: 0.5146794596396083
		Recalls: [0.48717948717948717, 0.4358974358974359, 0.5897435897435898, 0.4358974358974359, 0.5769230769230769, 0.48717948717948717, 0.5128205128205128, 0.6025641025641025, 0.4675324675324675, 0.5324675324675324]
			Mean: 0.5128205128205129
		F1s: [0.48717948717948717, 0.43477818477818486, 0.5880859880859881, 0.43663967611336035, 0.5745817154504057, 0.4865047233468286, 0.5160319794466136, 0.6037300059733192, 0.4673527316565292, 0.5296490743299254]
			Mean: 0.5124533566360643
		Accuracies: [0.48717948717948717, 0.4358974358974359, 0.5897435897435898, 0.4358974358974359, 0.5769230769230769, 0.48717948717948717, 0.5128205128205128, 0.6025641025641025, 0.4675324675324675, 0.5324675324675324]
			Mean: 0.5128205128205129

	Lag = 11
		Precisions: [0.5619552860932171, 0.5076113545571336, 0.5042857142857142, 0.45459401709401703, 0.5265960144008925, 0.5587892499657205, 0.4968332160450387, 0.5784639437170217, 0.5295815295815296, 0.5165791655153357]
			Mean: 0.523528949125562
		Recalls: [0.5384615384615384, 0.5128205128205128, 0.5, 0.4358974358974359, 0.5256410256410257, 0.5512820512820513, 0.5, 0.5714285714285714, 0.5324675324675324, 0.5194805194805194]
			Mean: 0.5187479187479188
		F1s: [0.532051282051282, 0.5088837088837089, 0.502070207020702, 0.4306914794719673, 0.5260324755290922, 0.554240631163708, 0.49834003145203565, 0.5740955673539944, 0.5295894256222574, 0.5137099990419599]
			Mean: 0.5169704807590707
		Accuracies: [0.5384615384615384, 0.5128205128205128, 0.5, 0.4358974358974359, 0.5256410256410257, 0.5512820512820513, 0.5, 0.5714285714285714, 0.5324675324675324, 0.5194805194805194]
			Mean: 0.5187479187479188

	Lag = 12
		Precisions: [0.5488733488733489, 0.4898504273504274, 0.5392011834319527, 0.5416666666666666, 0.40565417488494415, 0.5441025641025641, 0.444743935309973, 0.49117549117549114, 0.4592712349210297, 0.5714285714285714]
			Mean: 0.5035967598144968
		Recalls: [0.5512820512820513, 0.48717948717948717, 0.5512820512820513, 0.5512820512820513, 0.38461538461538464, 0.5512820512820513, 0.4675324675324675, 0.4675324675324675, 0.45454545454545453, 0.5714285714285714]
			Mean: 0.5037962037962038
		F1s: [0.5492638296236496, 0.4803645966436665, 0.5408540437371471, 0.5457084169955457, 0.39115767952977254, 0.5432405109824464, 0.45019765909619414, 0.45518539431582905, 0.45661157024793375, 0.5705588171341596]
			Mean: 0.49831425183063444
		Accuracies: [0.5512820512820513, 0.48717948717948717, 0.5512820512820513, 0.5512820512820513, 0.38461538461538464, 0.5512820512820513, 0.4675324675324675, 0.4675324675324675, 0.45454545454545453, 0.5714285714285714]
			Mean: 0.5037962037962038

	Lag = 13
		Precisions: [0.49592391304347827, 0.4123481781376518, 0.4267870121528658, 0.5128205128205128, 0.4364709851551957, 0.5208712855771679, 0.4333575906851769, 0.5584239608629852, 0.4875379939209727, 0.5860455334139546]
			Mean: 0.48705869657699613
		Recalls: [0.5, 0.41025641025641024, 0.41025641025641024, 0.5128205128205128, 0.4358974358974359, 0.5324675324675324, 0.44155844155844154, 0.5324675324675324, 0.4935064935064935, 0.5844155844155844]
			Mean: 0.48536463536463537
		F1s: [0.4972329364413886, 0.41103392322904514, 0.41616961469902647, 0.5128205128205128, 0.4358974358974359, 0.5253114232706069, 0.43683339399891497, 0.5364269876464998, 0.4897959183673469, 0.5848367848367848]
			Mean: 0.4846358931207562
		Accuracies: [0.5, 0.41025641025641024, 0.41025641025641024, 0.5128205128205128, 0.4358974358974359, 0.5324675324675324, 0.44155844155844154, 0.5324675324675324, 0.4935064935064935, 0.5844155844155844]
			Mean: 0.48536463536463537

Results for 'transactions' bitcoin estimating probabilities on 'paper' mode:
	Lag = 1
		Precisions: [0.5278626509530044, 0.6221026589484303, 0.40548523206751064, 0.6283434232250962, 0.7655761959559428, 0.570629068287176, 0.6479911942762796, 0.4937900641025641, 0.47722230820822364, 0.625]
			Mean: 0.5764002796024228
		Recalls: [0.5443037974683544, 0.6329113924050633, 0.5316455696202531, 0.5822784810126582, 0.4177215189873418, 0.6075949367088608, 0.620253164556962, 0.5256410256410257, 0.5128205128205128, 0.5]
			Mean: 0.5475170399221032
		F1s: [0.5186150409530901, 0.6019827510611724, 0.4468755369723353, 0.5130986089779517, 0.27387716830754805, 0.581884271287965, 0.556659196899037, 0.47054191914005, 0.4119838494838494, 0.4117647058823529]
			Mean: 0.47872830489653523
		Accuracies: [0.5443037974683544, 0.6329113924050633, 0.5316455696202531, 0.5822784810126582, 0.4177215189873418, 0.6075949367088608, 0.620253164556962, 0.5256410256410257, 0.5128205128205128, 0.5]
			Mean: 0.5475170399221032

	Lag = 2
		Precisions: [0.5703868228634327, 0.6022812630407568, 0.5155451920941594, 0.5582805907172996, 0.4778481012658228, 0.576313542294555, 0.698224852071006, 0.6575377747252747, 0.44441066180196614, 0.6083333333333334]
			Mean: 0.5709162134207607
		Recalls: [0.5822784810126582, 0.4936708860759494, 0.5443037974683544, 0.569620253164557, 0.5189873417721519, 0.5822784810126582, 0.6666666666666666, 0.6794871794871795, 0.44871794871794873, 0.5769230769230769]
			Mean: 0.5662934112301201
		F1s: [0.5647192300842342, 0.44131576681305434, 0.5130532233469899, 0.5233942803563056, 0.4724894514767933, 0.5415550344117299, 0.6245059288537549, 0.6467901133860837, 0.42472461827300545, 0.543859649122807]
			Mean: 0.5296407296124759
		Accuracies: [0.5822784810126582, 0.4936708860759494, 0.5443037974683544, 0.569620253164557, 0.5189873417721519, 0.5822784810126582, 0.6666666666666666, 0.6794871794871795, 0.44871794871794873, 0.5769230769230769]
			Mean: 0.5662934112301201

	Lag = 3
		Precisions: [0.5904962829013463, 0.48216744392627137, 0.4485089036687406, 0.5338470005503577, 0.6037496622394047, 0.5956531414583487, 0.6505747126436782, 0.46594551282051283, 0.5266272189349113, 0.5797720797720799]
			Mean: 0.5477341958915651
		Recalls: [0.6075949367088608, 0.5063291139240507, 0.4050632911392405, 0.5189873417721519, 0.620253164556962, 0.6153846153846154, 0.6666666666666666, 0.4358974358974359, 0.5384615384615384, 0.5641025641025641]
			Mean: 0.5478740668614086
		F1s: [0.5360998303264436, 0.4707743528439116, 0.37344782555438144, 0.4973993401562079, 0.6105236260712321, 0.5842236467236468, 0.6512345679012346, 0.37635107093235176, 0.5269230769230769, 0.52985347985348]
			Mean: 0.5156830817285967
		Accuracies: [0.6075949367088608, 0.5063291139240507, 0.4050632911392405, 0.5189873417721519, 0.620253164556962, 0.6153846153846154, 0.6666666666666666, 0.4358974358974359, 0.5384615384615384, 0.5641025641025641]
			Mean: 0.5478740668614086

	Lag = 4
		Precisions: [0.5173037351125522, 0.6453470580052858, 0.3426067603282793, 0.5385589094449853, 0.6007250585150379, 0.5295604395604396, 0.47970085470085466, 0.5833333333333334, 0.6486263736263737, 0.4425019425019425]
			Mean: 0.5328264465129084
		Recalls: [0.5316455696202531, 0.6075949367088608, 0.4177215189873418, 0.5569620253164557, 0.6025641025641025, 0.5384615384615384, 0.48717948717948717, 0.5897435897435898, 0.5769230769230769, 0.46153846153846156]
			Mean: 0.5370334307043167
		F1s: [0.5047987810106793, 0.5612858180063697, 0.3492678804357811, 0.5047032864940193, 0.6015466015466016, 0.5308589831582281, 0.46746915861534943, 0.5861683704820959, 0.4958650958650959, 0.3890532544378698]
			Mean: 0.49910172300520894
		Accuracies: [0.5316455696202531, 0.6075949367088608, 0.4177215189873418, 0.5569620253164557, 0.6025641025641025, 0.5384615384615384, 0.48717948717948717, 0.5897435897435898, 0.5769230769230769, 0.46153846153846156]
			Mean: 0.5370334307043167

	Lag = 5
		Precisions: [0.5333388130856486, 0.5248013967699694, 0.5514881970578173, 0.5776653171390014, 0.6045066045066044, 0.5076113545571336, 0.47468770545693617, 0.5601851851851851, 0.6453441295546559, 0.507051282051282]
			Mean: 0.5486679985364233
		Recalls: [0.5316455696202531, 0.5316455696202531, 0.5443037974683544, 0.5641025641025641, 0.6025641025641025, 0.5128205128205128, 0.47435897435897434, 0.5512820512820513, 0.6410256410256411, 0.5128205128205128]
			Mean: 0.546656929568322
		F1s: [0.5324082376391096, 0.5240527269110364, 0.5447419668938657, 0.5675781582758327, 0.6034375880529728, 0.5088837088837089, 0.4744453858377909, 0.5340501792114696, 0.6414979757085021, 0.506915306915307]
			Mean: 0.5438011234329594
		Accuracies: [0.5316455696202531, 0.5316455696202531, 0.5443037974683544, 0.5641025641025641, 0.6025641025641025, 0.5128205128205128, 0.47435897435897434, 0.5512820512820513, 0.6410256410256411, 0.5128205128205128]
			Mean: 0.546656929568322

	Lag = 6
		Precisions: [0.62252797651807, 0.5224000992802184, 0.5843807608513492, 0.6080013736263736, 0.506078691423519, 0.6028971028971029, 0.5902661649944259, 0.5508241758241758, 0.5708061002178649, 0.4923740053050398]
			Mean: 0.565055645093814
		Recalls: [0.569620253164557, 0.5316455696202531, 0.5897435897435898, 0.5897435897435898, 0.5256410256410257, 0.6153846153846154, 0.5897435897435898, 0.5384615384615384, 0.5641025641025641, 0.5256410256410257]
			Mean: 0.5639727361246348
		F1s: [0.4988684311469121, 0.5228810422681176, 0.5807331538285553, 0.5420609579100145, 0.4961803872694962, 0.5986257750963634, 0.5864724422863957, 0.4852071005917159, 0.5535353535353537, 0.5055481313533235]
			Mean: 0.5370112775286249
		Accuracies: [0.569620253164557, 0.5316455696202531, 0.5897435897435898, 0.5897435897435898, 0.5256410256410257, 0.6153846153846154, 0.5897435897435898, 0.5384615384615384, 0.5641025641025641, 0.5256410256410257]
			Mean: 0.5639727361246348

	Lag = 7
		Precisions: [0.5203591694207146, 0.5484798534798535, 0.4652014652014652, 0.4575163398692811, 0.5084934352051035, 0.4822954822954823, 0.5341559025769552, 0.6218832891246685, 0.4830246913580248, 0.569362261669954]
			Mean: 0.5190771890201502
		Recalls: [0.5443037974683544, 0.5512820512820513, 0.48717948717948717, 0.46153846153846156, 0.5256410256410257, 0.4358974358974359, 0.5512820512820513, 0.6282051282051282, 0.5, 0.47435897435897434]
			Mean: 0.5159688412852971
		F1s: [0.5199610516066212, 0.5424063116370809, 0.4280078895463511, 0.44848484848484854, 0.4843659729169896, 0.38301282051282054, 0.5271296360405271, 0.6060704270999198, 0.48174034597239224, 0.5005729961726509]
			Mean: 0.4921752299990202
		Accuracies: [0.5443037974683544, 0.5512820512820513, 0.48717948717948717, 0.46153846153846156, 0.5256410256410257, 0.4358974358974359, 0.5512820512820513, 0.6282051282051282, 0.5, 0.47435897435897434]
			Mean: 0.5159688412852971

	Lag = 8
		Precisions: [0.4141483516483517, 0.5156695156695157, 0.5393145161290323, 0.5334110334110334, 0.485014985014985, 0.6098212298790892, 0.5691812213551344, 0.560588665066277, 0.4978632478632478, 0.6720588235294118]
			Mean: 0.5397071589566078
		Recalls: [0.44871794871794873, 0.5384615384615384, 0.5256410256410257, 0.5512820512820513, 0.5128205128205128, 0.5384615384615384, 0.5769230769230769, 0.6025641025641025, 0.5384615384615384, 0.5769230769230769]
			Mean: 0.541025641025641
		F1s: [0.42361005331302365, 0.4896952104499275, 0.4804680468046805, 0.48883116363108553, 0.4940828402366864, 0.5009615384615385, 0.5007361438725917, 0.5433069581531935, 0.474247491638796, 0.5090596986458135]
			Mean: 0.49049991452073377
		Accuracies: [0.44871794871794873, 0.5384615384615384, 0.5256410256410257, 0.5512820512820513, 0.5128205128205128, 0.5384615384615384, 0.5769230769230769, 0.6025641025641025, 0.5384615384615384, 0.5769230769230769]
			Mean: 0.541025641025641

	Lag = 9
		Precisions: [0.5811965811965811, 0.5254120879120879, 0.5314009661835749, 0.6051282051282052, 0.5491076088091013, 0.4407051282051282, 0.5711759504862953, 0.5085470085470086, 0.5306267806267806, 0.4742255695124548]
			Mean: 0.5317525886607218
		Recalls: [0.6025641025641025, 0.5769230769230769, 0.5128205128205128, 0.5256410256410257, 0.5512820512820513, 0.47435897435897434, 0.5897435897435898, 0.5128205128205128, 0.5512820512820513, 0.4935064935064935]
			Mean: 0.539094239094239
		F1s: [0.5871760638115777, 0.5312109170927858, 0.42824074074074087, 0.45149752208575733, 0.4834006516614364, 0.4238073095006599, 0.5660749506903353, 0.47454212454212463, 0.4491665986893983, 0.4458187058598043]
			Mean: 0.48409355846746205
		Accuracies: [0.6025641025641025, 0.5769230769230769, 0.5128205128205128, 0.5256410256410257, 0.5512820512820513, 0.47435897435897434, 0.5897435897435898, 0.5128205128205128, 0.5512820512820513, 0.4935064935064935]
			Mean: 0.539094239094239

	Lag = 10
		Precisions: [0.4708849491877457, 0.5431916873449132, 0.4616935483870968, 0.5903022177531981, 0.5124260355029586, 0.6969696969696969, 0.5404951370468611, 0.523076923076923, 0.4312452253628724, 0.603302947052947]
			Mean: 0.5373588367685211
		Recalls: [0.5128205128205128, 0.5769230769230769, 0.5, 0.5897435897435898, 0.5384615384615384, 0.6025641025641025, 0.5641025641025641, 0.5128205128205128, 0.4675324675324675, 0.5974025974025974]
			Mean: 0.5462370962370963
		F1s: [0.4716400580551524, 0.5385215994234147, 0.4521008403361344, 0.5799888517279822, 0.4797008547008548, 0.5484593837535013, 0.5389546351084812, 0.4519230769230768, 0.4221737537635165, 0.5469678462321135]
			Mean: 0.5030430900024228
		Accuracies: [0.5128205128205128, 0.5769230769230769, 0.5, 0.5897435897435898, 0.5384615384615384, 0.6025641025641025, 0.5641025641025641, 0.5128205128205128, 0.4675324675324675, 0.5974025974025974]
			Mean: 0.5462370962370963

	Lag = 11
		Precisions: [0.3607142857142857, 0.43398392652124, 0.4259327943030932, 0.3347193347193347, 0.15863247863247862, 0.38461538461538464, 0.4975699681582035, 0.5995085995085995, 0.487603305785124, 0.42900432900432905]
			Mean: 0.4112284406962073
		Recalls: [0.44871794871794873, 0.5128205128205128, 0.46153846153846156, 0.5384615384615384, 0.3717948717948718, 0.4358974358974359, 0.48717948717948717, 0.5454545454545454, 0.5454545454545454, 0.5584415584415584]
			Mean: 0.49057609057609053
		F1s: [0.3453054850673433, 0.4388736263736264, 0.4146137087313558, 0.41282051282051274, 0.22238197939132517, 0.3653846153846154, 0.4921104536489152, 0.41836424445120096, 0.477458430946803, 0.44763616797515104]
			Mean: 0.4034949224790849
		Accuracies: [0.44871794871794873, 0.5128205128205128, 0.46153846153846156, 0.5384615384615384, 0.3717948717948718, 0.4358974358974359, 0.48717948717948717, 0.5454545454545454, 0.5454545454545454, 0.5584415584415584]
			Mean: 0.49057609057609053

	Lag = 12
		Precisions: [0.5029585798816567, 0.41863905325443784, 0.47374847374847373, 0.4017094017094017, 0.5543345543345544, 0.514442079659471, 0.4730983302411873, 0.4697853167240923, 0.5597542242703533, 0.48119288119288117]
			Mean: 0.484966289501651
		Recalls: [0.5256410256410257, 0.4358974358974359, 0.5256410256410257, 0.4358974358974359, 0.5641025641025641, 0.5256410256410257, 0.5064935064935064, 0.4805194805194805, 0.5714285714285714, 0.4935064935064935]
			Mean: 0.5064768564768565
		F1s: [0.46529438518757615, 0.4204107491684705, 0.4768439966566064, 0.39157509157509157, 0.5180454765360426, 0.5051680802161318, 0.40554899645808734, 0.47232290850804176, 0.5271137026239067, 0.4853736807349653]
			Mean: 0.46676970676649204
		Accuracies: [0.5256410256410257, 0.4358974358974359, 0.5256410256410257, 0.4358974358974359, 0.5641025641025641, 0.5256410256410257, 0.5064935064935064, 0.4805194805194805, 0.5714285714285714, 0.4935064935064935]
			Mean: 0.5064768564768565

	Lag = 13
		Precisions: [0.5478624854182391, 0.5661589872116187, 0.5596816976127321, 0.506078691423519, 0.5061134852801519, 0.5357009793485203, 0.5182072829131652, 0.4955893163440333, 0.5584415584415584, 0.5093795093795094]
			Mean: 0.5303213993373047
		Recalls: [0.5769230769230769, 0.5641025641025641, 0.5384615384615384, 0.5256410256410257, 0.5256410256410257, 0.5194805194805194, 0.5584415584415584, 0.5064935064935064, 0.5584415584415584, 0.5064935064935064]
			Mean: 0.538011988011988
		F1s: [0.5511817955075633, 0.5395622439957416, 0.5096153846153846, 0.4961803872694962, 0.5118927277343118, 0.474826183917093, 0.4795918367346938, 0.488643271621995, 0.5584415584415584, 0.4952774498229044]
			Mean: 0.5105212839660742
		Accuracies: [0.5769230769230769, 0.5641025641025641, 0.5384615384615384, 0.5256410256410257, 0.5256410256410257, 0.5194805194805194, 0.5584415584415584, 0.5064935064935064, 0.5584415584415584, 0.5064935064935064]
			Mean: 0.538011988011988

