Results for 'price' bitcoin estimating probabilities on 'count' mode:
	Lag = 1
		Precisions: [0.575, 0.5295055821371611, 0.5422222222222222, 0.65, 0.5607655502392344, 0.3453996983408748, 0.3333333333333333, 0.44583333333333336, 0.669683257918552, 0.43046757164404226, 0.4037037037037037, 0.5296296296296297, 0.485369532428356]
			Mean: 0.5000702626869571
		Recalls: [0.5666666666666667, 0.43333333333333335, 0.5333333333333333, 0.6, 0.5333333333333333, 0.3333333333333333, 0.3333333333333333, 0.43333333333333335, 0.6666666666666666, 0.43333333333333335, 0.4, 0.5333333333333333, 0.4666666666666667]
			Mean: 0.4820512820512821
		F1s: [0.5702311006658831, 0.4390063032999629, 0.5354166666666667, 0.6, 0.545, 0.3333333333333333, 0.32738095238095244, 0.43522432332220984, 0.6651785714285715, 0.43142536475869814, 0.3946428571428572, 0.5291101055806938, 0.47407407407407404]
			Mean: 0.48307874251183863
		Accuracies: [0.5666666666666667, 0.43333333333333335, 0.5333333333333333, 0.6, 0.5333333333333333, 0.3333333333333333, 0.3333333333333333, 0.43333333333333335, 0.6666666666666666, 0.43333333333333335, 0.4, 0.5333333333333333, 0.4666666666666667]
			Mean: 0.4820512820512821

	Lag = 2
		Precisions: [0.47407407407407404, 0.3273809523809524, 0.5060041407867495, 0.4533333333333333, 0.6973214285714285, 0.6088888888888888, 0.4708333333333333, 0.6217194570135746, 0.45341614906832295, 0.43555555555555553, 0.4095238095238095, 0.4782608695652174, 0.6407407407407407]
			Mean: 0.5059271332950754
		Recalls: [0.4, 0.26666666666666666, 0.5333333333333333, 0.43333333333333335, 0.6333333333333333, 0.6, 0.4666666666666667, 0.6, 0.4666666666666667, 0.43333333333333335, 0.43333333333333335, 0.5, 0.6333333333333333]
			Mean: 0.49230769230769234
		F1s: [0.3866071428571428, 0.2865761689291101, 0.49833333333333335, 0.43905723905723903, 0.6484136310223266, 0.6017857142857144, 0.4666666666666667, 0.5999999999999999, 0.4258373205741627, 0.4339636633296255, 0.41002741872307086, 0.4615384615384615, 0.636349392871132]
			Mean: 0.4842427810144604
		Accuracies: [0.4, 0.26666666666666666, 0.5333333333333333, 0.43333333333333335, 0.6333333333333333, 0.6, 0.4666666666666667, 0.6, 0.4666666666666667, 0.43333333333333335, 0.43333333333333335, 0.5, 0.6333333333333333]
			Mean: 0.49230769230769234

	Lag = 3
		Precisions: [0.4388888888888889, 0.4867724867724868, 0.5044642857142857, 0.6533333333333334, 0.48000000000000004, 0.562962962962963, 0.5650075414781297, 0.5333333333333333, 0.5396825396825397, 0.5380952380952381, 0.47407407407407404, 0.6666666666666666, 0.5648148148148148]
			Mean: 0.5390843204474426
		Recalls: [0.36666666666666664, 0.5, 0.5, 0.6333333333333333, 0.4, 0.5666666666666667, 0.5666666666666667, 0.5333333333333333, 0.5333333333333333, 0.5333333333333333, 0.4666666666666667, 0.6666666666666666, 0.5]
			Mean: 0.5205128205128206
		F1s: [0.31961904761904764, 0.49293966623876767, 0.5016835016835017, 0.6370370370370371, 0.425, 0.5641904761904761, 0.5652076318742986, 0.5333333333333333, 0.5138888888888888, 0.5333333333333333, 0.46190476190476193, 0.6636500754147813, 0.5038932146829811]
			Mean: 0.5165908437077853
		Accuracies: [0.36666666666666664, 0.5, 0.5, 0.6333333333333333, 0.4, 0.5666666666666667, 0.5666666666666667, 0.5333333333333333, 0.5333333333333333, 0.5333333333333333, 0.4666666666666667, 0.6666666666666666, 0.5]
			Mean: 0.5205128205128206

	Lag = 4
		Precisions: [0.6, 0.5773524720893143, 0.4513888888888888, 0.4928571428571428, 0.6909090909090909, 0.4666666666666667, 0.497737556561086, 0.5133928571428571, 0.3602484472049689, 0.6666666666666666, 0.6338118022328548, 0.5242424242424242, 0.5291666666666667]
			Mean: 0.5388031293945099
		Recalls: [0.6, 0.5666666666666667, 0.5, 0.4666666666666667, 0.7, 0.4666666666666667, 0.5, 0.5, 0.4, 0.6666666666666666, 0.6333333333333333, 0.5333333333333333, 0.43333333333333335]
			Mean: 0.5358974358974359
		F1s: [0.6, 0.5714285714285715, 0.4505776636713736, 0.4714285714285714, 0.6946648426812584, 0.4666666666666667, 0.4983164983164984, 0.5016685205784205, 0.354066985645933, 0.6666666666666666, 0.6270476190476191, 0.5065390749601275, 0.4123456790123457]
			Mean: 0.5247244123156963
		Accuracies: [0.6, 0.5666666666666667, 0.5, 0.4666666666666667, 0.7, 0.4666666666666667, 0.5, 0.5, 0.4, 0.6666666666666666, 0.6333333333333333, 0.5333333333333333, 0.43333333333333335]
			Mean: 0.5358974358974359

	Lag = 5
		Precisions: [0.6266666666666666, 0.5339366515837104, 0.4380952380952381, 0.6, 0.6038277511961723, 0.5333333333333333, 0.6, 0.580952380952381, 0.5339366515837104, 0.5022222222222222, 0.5067873303167421, 0.45333333333333337, 0.5648148148148148]
			Mean: 0.5444543364691019
		Recalls: [0.6333333333333333, 0.5, 0.43333333333333335, 0.5333333333333333, 0.4666666666666667, 0.5333333333333333, 0.6, 0.5666666666666667, 0.5333333333333333, 0.5, 0.5, 0.4666666666666667, 0.5]
			Mean: 0.5205128205128206
		F1s: [0.6293040293040293, 0.5123384253819037, 0.43524130190796856, 0.525, 0.4785714285714286, 0.5333333333333333, 0.5888888888888888, 0.5681127178346311, 0.53125, 0.5005561735261402, 0.49833147942157957, 0.45185185185185184, 0.5038932146829811]
			Mean: 0.5197440649772873
		Accuracies: [0.6333333333333333, 0.5, 0.43333333333333335, 0.5333333333333333, 0.4666666666666667, 0.5333333333333333, 0.6, 0.5666666666666667, 0.5333333333333333, 0.5, 0.5, 0.4666666666666667, 0.5]
			Mean: 0.5205128205128206

	Lag = 6
		Precisions: [0.6355555555555555, 0.6500754147812972, 0.39166666666666666, 0.52, 0.4, 0.6666666666666666, 0.47407407407407404, 0.6401913875598085, 0.6, 0.4, 0.43555555555555553, 0.5266666666666667, 0.5381180223285486]
			Mean: 0.5291207699888337
		Recalls: [0.6, 0.5666666666666667, 0.43333333333333335, 0.5, 0.3, 0.6666666666666666, 0.4666666666666667, 0.6, 0.6, 0.4, 0.43333333333333335, 0.5333333333333333, 0.4666666666666667]
			Mean: 0.5051282051282051
		F1s: [0.6072398190045248, 0.5768799102132436, 0.40219780219780227, 0.505050505050505, 0.3212121212121212, 0.6666666666666666, 0.46190476190476193, 0.5946428571428571, 0.6, 0.4, 0.4339636633296255, 0.5203703703703704, 0.4666666666666667]
			Mean: 0.5043688572122419
		Accuracies: [0.6, 0.5666666666666667, 0.43333333333333335, 0.5, 0.3, 0.6666666666666666, 0.4666666666666667, 0.6, 0.6, 0.4, 0.43333333333333335, 0.5333333333333333, 0.4666666666666667]
			Mean: 0.5051282051282051

	Lag = 7
		Precisions: [0.49, 0.5987933634992458, 0.580952380952381, 0.6258373205741627, 0.6055555555555555, 0.45185185185185184, 0.43555555555555553, 0.6217194570135746, 0.4666666666666667, 0.6338118022328548, 0.4383107088989442, 0.6068181818181818, 0.3375]
			Mean: 0.530259449586075
		Recalls: [0.5, 0.5666666666666667, 0.5666666666666667, 0.5666666666666667, 0.5666666666666667, 0.43333333333333335, 0.43333333333333335, 0.6, 0.4666666666666667, 0.6333333333333333, 0.43333333333333335, 0.6, 0.3]
			Mean: 0.5128205128205129
		F1s: [0.4945054945054945, 0.5773599686643165, 0.5681127178346311, 0.5632925472747498, 0.580952380952381, 0.43018168335187246, 0.4339636633296255, 0.5999999999999999, 0.4666666666666667, 0.6270476190476191, 0.4314423433444568, 0.5770334928229666, 0.274074074074074]
			Mean: 0.5095871270668348
		Accuracies: [0.5, 0.5666666666666667, 0.5666666666666667, 0.5666666666666667, 0.5666666666666667, 0.43333333333333335, 0.43333333333333335, 0.6, 0.4666666666666667, 0.6333333333333333, 0.43333333333333335, 0.6, 0.3]
			Mean: 0.5128205128205129

	Lag = 8
		Precisions: [0.46101190476190473, 0.773524720893142, 0.3053571428571428, 0.4803571428571428, 0.5333333333333333, 0.44583333333333336, 0.43046757164404226, 0.3329192546583851, 0.3981900452488688, 0.5067873303167421, 0.45333333333333337, 0.5296296296296297, 0.5894419306184012]
			Mean: 0.48001435949887694
		Recalls: [0.43333333333333335, 0.7666666666666667, 0.3, 0.4666666666666667, 0.5333333333333333, 0.43333333333333335, 0.43333333333333335, 0.4, 0.4, 0.5, 0.4666666666666667, 0.5333333333333333, 0.5333333333333333]
			Mean: 0.47692307692307695
		F1s: [0.443047619047619, 0.769230769230769, 0.3023569023569023, 0.47149321266968325, 0.5333333333333333, 0.43522432332220984, 0.43142536475869814, 0.3550000000000001, 0.39732142857142855, 0.49833147942157957, 0.45185185185185184, 0.5291101055806938, 0.5395833333333333]
			Mean: 0.47363920949831556
		Accuracies: [0.43333333333333335, 0.7666666666666667, 0.3, 0.4666666666666667, 0.5333333333333333, 0.43333333333333335, 0.43333333333333335, 0.4, 0.4, 0.5, 0.4666666666666667, 0.5333333333333333, 0.5333333333333333]
			Mean: 0.47692307692307695

	Lag = 9
		Precisions: [0.5894419306184012, 0.48148148148148157, 0.4, 0.5333333333333333, 0.645, 0.6133333333333333, 0.43555555555555553, 0.41333333333333333, 0.3981900452488688, 0.4766666666666667, 0.563317384370016, 0.6338118022328548]
			Mean: 0.5152887388478204
		Recalls: [0.5333333333333333, 0.4, 0.4, 0.5333333333333333, 0.6333333333333333, 0.5666666666666667, 0.43333333333333335, 0.43333333333333335, 0.4, 0.4666666666666667, 0.5666666666666667, 0.6333333333333333]
			Mean: 0.5
		F1s: [0.5395833333333333, 0.4107142857142857, 0.4, 0.5333333333333333, 0.6385109114249037, 0.5564534231200897, 0.4339636633296255, 0.41934978456717587, 0.39732142857142855, 0.45218702865761695, 0.5592380952380952, 0.6270476190476191]
			Mean: 0.49730857552812563
		Accuracies: [0.5333333333333333, 0.4, 0.4, 0.5333333333333333, 0.6333333333333333, 0.5666666666666667, 0.43333333333333335, 0.43333333333333335, 0.4, 0.4666666666666667, 0.5666666666666667, 0.6333333333333333]
			Mean: 0.5

	Lag = 10
		Precisions: [0.5583333333333333, 0.6666666666666666, 0.6217194570135746, 0.4746411483253588, 0.48000000000000004, 0.4638888888888889, 0.274074074074074, 0.4380952380952381, 0.5, 0.6053571428571428, 0.57526395173454, 0.7714285714285715]
			Mean: 0.5357890393681156
		Recalls: [0.5666666666666667, 0.6666666666666666, 0.6, 0.43333333333333335, 0.4, 0.43333333333333335, 0.3, 0.43333333333333335, 0.5, 0.6, 0.5666666666666667, 0.6]
			Mean: 0.5083333333333333
		F1s: [0.5619047619047619, 0.6666666666666666, 0.5999999999999999, 0.4289210233592881, 0.425, 0.382060321190756, 0.272, 0.43524130190796856, 0.4949494949494949, 0.6000000000000001, 0.5652206154987023, 0.5045454545454545]
			Mean: 0.4947091366685912
		Accuracies: [0.5666666666666667, 0.6666666666666666, 0.6, 0.43333333333333335, 0.4, 0.43333333333333335, 0.3, 0.43333333333333335, 0.5, 0.6, 0.5666666666666667, 0.6]
			Mean: 0.5083333333333333

	Lag = 11
		Precisions: [0.5508295625942685, 0.5075757575757576, 0.36018518518518516, 0.6952380952380952, 0.58, 0.49154704944178623, 0.43046757164404226, 0.5231481481481483, 0.3660714285714286, 0.48677248677248675, 0.43046757164404226, 0.497737556561086]
			Mean: 0.4933367011146939
		Recalls: [0.5333333333333333, 0.5333333333333333, 0.36666666666666664, 0.7, 0.5666666666666667, 0.4666666666666667, 0.43333333333333335, 0.5, 0.36666666666666664, 0.5, 0.43333333333333335, 0.5]
			Mean: 0.49166666666666664
		F1s: [0.5398148148148149, 0.5185185185185185, 0.36304761904761906, 0.69010989010989, 0.572785622593068, 0.4595238095238095, 0.43142536475869814, 0.49721913236929927, 0.3659621802002225, 0.4794359576968273, 0.43142536475869814, 0.4983164983164984]
			Mean: 0.4872987310589969
		Accuracies: [0.5333333333333333, 0.5333333333333333, 0.36666666666666664, 0.7, 0.5666666666666667, 0.4666666666666667, 0.43333333333333335, 0.5, 0.36666666666666664, 0.5, 0.43333333333333335, 0.5]
			Mean: 0.49166666666666664

	Lag = 12
		Precisions: [0.4, 0.6427432216905902, 0.5333333333333333, 0.4533333333333333, 0.5221719457013575, 0.34290271132376393, 0.6579710144927536, 0.2685805422647528, 0.3333333333333333, 0.44166666666666665, 0.43555555555555553, 0.492822966507177]
			Mean: 0.460367885350218
		Recalls: [0.4, 0.6333333333333333, 0.5333333333333333, 0.43333333333333335, 0.4666666666666667, 0.3333333333333333, 0.6333333333333333, 0.26666666666666666, 0.3333333333333333, 0.4666666666666667, 0.43333333333333335, 0.5]
			Mean: 0.4527777777777778
		F1s: [0.4, 0.6373626373626373, 0.5333333333333333, 0.43905723905723903, 0.4870813397129187, 0.32440476190476186, 0.6051282051282051, 0.25684523809523807, 0.3333333333333333, 0.4360446570972887, 0.4339636633296255, 0.49142857142857144]
			Mean: 0.44816524831526255
		Accuracies: [0.4, 0.6333333333333333, 0.5333333333333333, 0.43333333333333335, 0.4666666666666667, 0.3333333333333333, 0.6333333333333333, 0.26666666666666666, 0.3333333333333333, 0.4666666666666667, 0.43333333333333335, 0.5]
			Mean: 0.4527777777777778

	Lag = 13
		Precisions: [0.3952380952380953, 0.4179894179894179, 0.5250398724082934, 0.4533333333333333, 0.625, 0.41722488038277505, 0.5067873303167421, 0.3782738095238095, 0.5669642857142857, 0.43046757164404226, 0.7609195402298851, 0.6412698412698412]
			Mean: 0.5098756648375434
		Recalls: [0.36666666666666664, 0.43333333333333335, 0.5333333333333333, 0.43333333333333335, 0.5, 0.4, 0.5, 0.36666666666666664, 0.5666666666666667, 0.43333333333333335, 0.5666666666666667, 0.6333333333333333]
			Mean: 0.4777777777777777
		F1s: [0.3775238095238095, 0.42533162173726996, 0.5268518518518519, 0.43905723905723903, 0.5151515151515151, 0.3919642857142857, 0.49833147942157957, 0.3687801260659993, 0.5661846496106785, 0.43142536475869814, 0.44148148148148153, 0.61825303564434]
			Mean: 0.4666947050015624
		Accuracies: [0.36666666666666664, 0.43333333333333335, 0.5333333333333333, 0.43333333333333335, 0.5, 0.4, 0.5, 0.36666666666666664, 0.5666666666666667, 0.43333333333333335, 0.5666666666666667, 0.6333333333333333]
			Mean: 0.4777777777777777

Results for 'price' bitcoin estimating probabilities on 'paper' mode:
	Lag = 1
		Precisions: [0.49166666666666664, 0.5555555555555555, 0.5044642857142857, 0.6125, 0.6215909090909091, 0.5526395173453996, 0.43555555555555553, 0.5526395173453996, 0.425, 0.43046757164404226, 0.3590909090909091, 0.48677248677248675, 0.5022222222222222]
			Mean: 0.5023203997694948
		Recalls: [0.43333333333333335, 0.5333333333333333, 0.5, 0.6, 0.6333333333333333, 0.5333333333333333, 0.43333333333333335, 0.5333333333333333, 0.43333333333333335, 0.43333333333333335, 0.4, 0.5, 0.4666666666666667]
			Mean: 0.49487179487179495
		F1s: [0.43774564330737864, 0.5422647527910686, 0.5016835016835017, 0.6036199095022624, 0.626812585499316, 0.5333333333333333, 0.4339636633296255, 0.5333333333333333, 0.4171428571428572, 0.43142536475869814, 0.36555023923444974, 0.4794359576968273, 0.4763197586726998]
			Mean: 0.49097160771425774
		Accuracies: [0.43333333333333335, 0.5333333333333333, 0.5, 0.6, 0.6333333333333333, 0.5333333333333333, 0.43333333333333335, 0.5333333333333333, 0.43333333333333335, 0.43333333333333335, 0.4, 0.5, 0.4666666666666667]
			Mean: 0.49487179487179495

	Lag = 2
		Precisions: [0.5083333333333333, 0.4259259259259259, 0.3416666666666667, 0.4857142857142857, 0.645, 0.6613333333333334, 0.4766666666666667, 0.4835595776772247, 0.4074074074074074, 0.255026455026455, 0.32407407407407407, 0.38333333333333336, 0.7022774327122152]
			Mean: 0.4692552686054555
		Recalls: [0.43333333333333335, 0.4, 0.36666666666666664, 0.43333333333333335, 0.6333333333333333, 0.5333333333333333, 0.4666666666666667, 0.4666666666666667, 0.4666666666666667, 0.3, 0.3333333333333333, 0.4666666666666667, 0.5333333333333333]
			Mean: 0.4487179487179486
		F1s: [0.4276603633667037, 0.41148325358851673, 0.35103799451625534, 0.41616161616161623, 0.6385109114249037, 0.47974481658692175, 0.45218702865761695, 0.4666666666666667, 0.36507936507936506, 0.2712103407755581, 0.3273001508295626, 0.382010582010582, 0.5079939668174963]
			Mean: 0.42284977357552034
		Accuracies: [0.43333333333333335, 0.4, 0.36666666666666664, 0.43333333333333335, 0.6333333333333333, 0.5333333333333333, 0.4666666666666667, 0.4666666666666667, 0.4666666666666667, 0.3, 0.3333333333333333, 0.4666666666666667, 0.5333333333333333]
			Mean: 0.4487179487179486

	Lag = 3
		Precisions: [0.5508295625942685, 0.7931034482758622, 0.3333333333333333, 0.5714285714285714, 0.6215909090909091, 0.5708333333333333, 0.5185185185185185, 0.6217194570135746, 0.5358851674641147, 0.6579710144927536, 0.48677248677248675, 0.28444444444444444, 0.7208333333333333]
			Mean: 0.5590202753919619
		Recalls: [0.5333333333333333, 0.7, 0.3333333333333333, 0.5, 0.6333333333333333, 0.5666666666666667, 0.5, 0.6, 0.5333333333333333, 0.6333333333333333, 0.5, 0.5333333333333333, 0.5666666666666667]
			Mean: 0.5487179487179487
		F1s: [0.5398148148148149, 0.6048237476808905, 0.3333333333333333, 0.4848484848484848, 0.626812585499316, 0.5681257014590348, 0.4799999999999999, 0.5999999999999999, 0.5248868778280543, 0.6051282051282051, 0.4794359576968273, 0.37101449275362325, 0.5506172839506173]
			Mean: 0.5206801142302463
		Accuracies: [0.5333333333333333, 0.7, 0.3333333333333333, 0.5, 0.6333333333333333, 0.5666666666666667, 0.5, 0.6, 0.5333333333333333, 0.6333333333333333, 0.5, 0.5333333333333333, 0.5666666666666667]
			Mean: 0.5487179487179487

	Lag = 4
		Precisions: [0.6407407407407407, 0.5866666666666667, 0.49537037037037035, 0.5055555555555556, 0.6, 0.5333333333333333, 0.5333333333333333, 0.584126984126984, 0.2413793103448276, 0.5444444444444445, 0.7222222222222222, 0.6933333333333334, 0.7773809523809523]
			Mean: 0.5736836343732895
		Recalls: [0.6333333333333333, 0.6333333333333333, 0.5, 0.4666666666666667, 0.6, 0.5333333333333333, 0.5333333333333333, 0.5333333333333333, 0.4666666666666667, 0.5333333333333333, 0.6666666666666666, 0.6333333333333333, 0.43333333333333335]
			Mean: 0.5512820512820513
		F1s: [0.636349392871132, 0.5925925925925927, 0.49714285714285716, 0.4666666666666666, 0.6, 0.5333333333333333, 0.5333333333333333, 0.5164404223227752, 0.3181818181818182, 0.5291666666666667, 0.6333333333333333, 0.5867351305091998, 0.3274725274725275]
			Mean: 0.5208267749558643
		Accuracies: [0.6333333333333333, 0.6333333333333333, 0.5, 0.4666666666666667, 0.6, 0.5333333333333333, 0.5333333333333333, 0.5333333333333333, 0.4666666666666667, 0.5333333333333333, 0.6666666666666666, 0.6333333333333333, 0.43333333333333335]
			Mean: 0.5512820512820513

	Lag = 5
		Precisions: [0.49, 0.5555555555555555, 0.48500000000000004, 0.4, 0.6055555555555555, 0.5005291005291005, 0.5380952380952381, 0.7118012422360248, 0.5, 0.5022222222222222, 0.4222222222222222, 0.27586206896551724, 0.4083333333333333]
			Mean: 0.49193665682421306
		Recalls: [0.5, 0.5333333333333333, 0.5, 0.36666666666666664, 0.5666666666666667, 0.4666666666666667, 0.5333333333333333, 0.6, 0.5, 0.5, 0.4666666666666667, 0.5, 0.36666666666666664]
			Mean: 0.4923076923076923
		F1s: [0.4945054945054945, 0.5422647527910686, 0.48766157461809634, 0.3474747474747474, 0.580952380952381, 0.4473604826546003, 0.5333333333333333, 0.5722222222222223, 0.4949494949494949, 0.5005561735261402, 0.41333333333333333, 0.35555555555555557, 0.37732884399551064]
			Mean: 0.4728844915316906
		Accuracies: [0.5, 0.5333333333333333, 0.5, 0.36666666666666664, 0.5666666666666667, 0.4666666666666667, 0.5333333333333333, 0.6, 0.5, 0.5, 0.4666666666666667, 0.5, 0.36666666666666664]
			Mean: 0.4923076923076923

	Lag = 6
		Precisions: [0.6817496229260934, 0.6282051282051282, 0.4, 0.49282296650717705, 0.6615384615384615, 0.44583333333333336, 0.5380952380952381, 0.4835595776772247, 0.5925925925925927, 0.38333333333333336, 0.4222222222222222, 0.27586206896551724, 0.5958592132505177]
			Mean: 0.5078210583574492
		Recalls: [0.6666666666666666, 0.6666666666666666, 0.4, 0.5, 0.7, 0.43333333333333335, 0.5333333333333333, 0.4666666666666667, 0.5333333333333333, 0.4666666666666667, 0.4666666666666667, 0.5, 0.4666666666666667]
			Mean: 0.5230769230769231
		F1s: [0.6712962962962963, 0.6169772256728778, 0.4, 0.49588719153936545, 0.658265139116203, 0.43522432332220984, 0.5333333333333333, 0.4666666666666667, 0.44444444444444453, 0.382010582010582, 0.41333333333333333, 0.35555555555555557, 0.4377073906485671]
			Mean: 0.4854385755338027
		Accuracies: [0.6666666666666666, 0.6666666666666666, 0.4, 0.5, 0.7, 0.43333333333333335, 0.5333333333333333, 0.4666666666666667, 0.5333333333333333, 0.4666666666666667, 0.4666666666666667, 0.5, 0.4666666666666667]
			Mean: 0.5230769230769231

	Lag = 7
		Precisions: [0.6, 0.5300207039337475, 0.44126984126984126, 0.5055555555555556, 0.624, 0.4666666666666667, 0.3555555555555555, 0.5044642857142857, 0.425, 0.5981481481481482, 0.27651515151515155, 0.5205128205128206, 0.4894409937888199]
			Mean: 0.4874730555892763
		Recalls: [0.6, 0.5666666666666667, 0.4666666666666667, 0.4666666666666667, 0.6666666666666666, 0.4666666666666667, 0.36666666666666664, 0.5, 0.43333333333333335, 0.6, 0.3333333333333333, 0.5333333333333333, 0.4]
			Mean: 0.4923076923076923
		F1s: [0.6, 0.543547651618787, 0.4462519936204147, 0.4666666666666666, 0.6335403726708075, 0.4666666666666667, 0.34133333333333327, 0.5016835016835017, 0.4171428571428572, 0.5963800904977375, 0.29505582137161085, 0.4592592592592593, 0.367420814479638]
			Mean: 0.47191915607779084
		Accuracies: [0.6, 0.5666666666666667, 0.4666666666666667, 0.4666666666666667, 0.6666666666666666, 0.4666666666666667, 0.36666666666666664, 0.5, 0.43333333333333335, 0.6, 0.3333333333333333, 0.5333333333333333, 0.4]
			Mean: 0.4923076923076923

	Lag = 8
		Precisions: [0.35333333333333333, 0.5555555555555555, 0.2431547619047619, 0.45, 0.625, 0.5511363636363636, 0.6148148148148148, 0.5515151515151515, 0.4666666666666667, 0.563317384370016, 0.43046757164404226, 0.4782608695652174, 0.5083333333333333]
			Mean: 0.4916581389491736
		Recalls: [0.36666666666666664, 0.6333333333333333, 0.23333333333333334, 0.4, 0.5, 0.5, 0.6, 0.5666666666666667, 0.4666666666666667, 0.5666666666666667, 0.43333333333333335, 0.5, 0.43333333333333335]
			Mean: 0.47692307692307695
		F1s: [0.3597069597069597, 0.5619203491543916, 0.23589173155357807, 0.35, 0.5151515151515151, 0.47428571428571425, 0.5964285714285715, 0.5428571428571428, 0.4666666666666667, 0.5592380952380952, 0.43142536475869814, 0.4615384615384615, 0.4276603633667037]
			Mean: 0.4602131489004998
		Accuracies: [0.36666666666666664, 0.6333333333333333, 0.23333333333333334, 0.4, 0.5, 0.5, 0.6, 0.5666666666666667, 0.4666666666666667, 0.5666666666666667, 0.43333333333333335, 0.5, 0.43333333333333335]
			Mean: 0.47692307692307695

	Lag = 9
		Precisions: [0.691866028708134, 0.5555555555555555, 0.4380952380952381, 0.44, 0.6, 0.7678571428571428, 0.4, 0.3053571428571428, 0.6041666666666666, 0.4095238095238095, 0.46111111111111114, 0.497737556561086]
			Mean: 0.5142725209946573
		Recalls: [0.6, 0.5666666666666667, 0.43333333333333335, 0.4, 0.6, 0.5, 0.4, 0.3, 0.5666666666666667, 0.43333333333333335, 0.4666666666666667, 0.5]
			Mean: 0.48055555555555557
		F1s: [0.6, 0.5605477107402652, 0.43524130190796856, 0.3892857142857143, 0.6, 0.3940949935815148, 0.4, 0.3023569023569023, 0.5238095238095238, 0.41002741872307086, 0.4618401206636501, 0.4983164983164984]
			Mean: 0.46462668203209234
		Accuracies: [0.6, 0.5666666666666667, 0.43333333333333335, 0.4, 0.6, 0.5, 0.4, 0.3, 0.5666666666666667, 0.43333333333333335, 0.4666666666666667, 0.5]
			Mean: 0.48055555555555557

	Lag = 10
		Precisions: [0.5508295625942685, 0.6799999999999999, 0.6485119047619048, 0.6285714285714286, 0.6694444444444444, 0.5511363636363636, 0.5380952380952381, 0.5005291005291005, 0.619047619047619, 0.5444444444444445, 0.4640000000000001, 0.7714285714285715]
			Mean: 0.5971698897961152
		Recalls: [0.5333333333333333, 0.7, 0.6333333333333333, 0.6, 0.6333333333333333, 0.5, 0.5333333333333333, 0.4666666666666667, 0.6, 0.5333333333333333, 0.5, 0.6]
			Mean: 0.5694444444444443
		F1s: [0.5398148148148149, 0.6666666666666666, 0.6345569150908417, 0.6035714285714288, 0.6454212454212453, 0.47428571428571425, 0.5333333333333333, 0.4473604826546003, 0.5833333333333334, 0.5291666666666667, 0.43645699614890887, 0.5045454545454545]
			Mean: 0.5498760876277508
		Accuracies: [0.5333333333333333, 0.7, 0.6333333333333333, 0.6, 0.6333333333333333, 0.5, 0.5333333333333333, 0.4666666666666667, 0.6, 0.5333333333333333, 0.5, 0.6]
			Mean: 0.5694444444444443

	Lag = 11
		Precisions: [0.575, 0.6190476190476191, 0.6133333333333333, 0.5607655502392344, 0.4138888888888889, 0.4835595776772247, 0.39259259259259255, 0.46904761904761905, 0.3923444976076555, 0.5681159420289854, 0.4640000000000001, 0.24615384615384617]
			Mean: 0.48315412221808324
		Recalls: [0.5666666666666667, 0.6666666666666666, 0.5666666666666667, 0.5666666666666667, 0.36666666666666664, 0.4666666666666667, 0.4, 0.43333333333333335, 0.4, 0.5666666666666667, 0.5, 0.4]
			Mean: 0.4916666666666667
		F1s: [0.5702311006658831, 0.5833333333333335, 0.5564534231200897, 0.56310223266745, 0.3875457875457876, 0.4666666666666667, 0.3945701357466064, 0.31330765939238336, 0.3891402714932127, 0.5333333333333333, 0.43645699614890887, 0.30476190476190473]
			Mean: 0.45824190373963
		Accuracies: [0.5666666666666667, 0.6666666666666666, 0.5666666666666667, 0.5666666666666667, 0.36666666666666664, 0.4666666666666667, 0.4, 0.43333333333333335, 0.4, 0.5666666666666667, 0.5, 0.4]
			Mean: 0.4916666666666667

	Lag = 12
		Precisions: [0.5333333333333333, 0.5555555555555555, 0.36613756613756615, 0.44545454545454544, 0.5522727272727272, 0.580952380952381, 0.6, 0.37833333333333335, 0.5, 0.5681159420289854, 0.563317384370016, 0.4223285486443381]
			Mean: 0.5054834430902319
		Recalls: [0.5333333333333333, 0.6333333333333333, 0.4, 0.4, 0.5666666666666667, 0.5666666666666667, 0.6, 0.36666666666666664, 0.5, 0.5666666666666667, 0.5666666666666667, 0.43333333333333335]
			Mean: 0.5111111111111111
		F1s: [0.5333333333333333, 0.5619203491543916, 0.37703349282296655, 0.3728506787330316, 0.5589603283173735, 0.5681127178346311, 0.5888888888888888, 0.35173961840628515, 0.4712103407755581, 0.5333333333333333, 0.5592380952380952, 0.4236190476190476]
			Mean: 0.4916866853714113
		Accuracies: [0.5333333333333333, 0.6333333333333333, 0.4, 0.4, 0.5666666666666667, 0.5666666666666667, 0.6, 0.36666666666666664, 0.5, 0.5666666666666667, 0.5666666666666667, 0.43333333333333335]
			Mean: 0.5111111111111111

	Lag = 13
		Precisions: [0.5333333333333333, 0.5795454545454545, 0.6634768740031898, 0.4642533936651584, 0.6055555555555555, 0.5231481481481483, 0.6053571428571428, 0.5511363636363636, 0.5852272727272727, 0.48677248677248675, 0.4095238095238095, 0.26666666666666666]
			Mean: 0.5228330417862151
		Recalls: [0.5333333333333333, 0.6, 0.6666666666666666, 0.43333333333333335, 0.5666666666666667, 0.5, 0.6, 0.5, 0.5666666666666667, 0.5, 0.43333333333333335, 0.4666666666666667]
			Mean: 0.5305555555555556
		F1s: [0.5333333333333333, 0.5873015873015873, 0.662037037037037, 0.4364849833147942, 0.580952380952381, 0.49721913236929927, 0.6000000000000001, 0.47428571428571425, 0.5417156286721504, 0.4794359576968273, 0.41002741872307086, 0.3393939393939394]
			Mean: 0.5118489260900112
		Accuracies: [0.5333333333333333, 0.6, 0.6666666666666666, 0.43333333333333335, 0.5666666666666667, 0.5, 0.6, 0.5, 0.5666666666666667, 0.5, 0.43333333333333335, 0.4666666666666667]
			Mean: 0.5305555555555556

Results for 'transactions' bitcoin estimating probabilities on 'count' mode:
	Lag = 1
		Precisions: [0.46111111111111114, 0.6666666666666666, 0.5, 0.6500754147812972, 0.3722222222222223, 0.3981900452488688, 0.7066666666666668, 0.4185185185185185, 0.6533333333333334, 0.5866666666666667, 0.32954545454545453, 0.535, 0.3333333333333333]
			Mean: 0.508563802545703
		Recalls: [0.4666666666666667, 0.5333333333333333, 0.5, 0.5666666666666667, 0.4, 0.4, 0.6666666666666666, 0.36666666666666664, 0.6333333333333333, 0.5666666666666667, 0.36666666666666664, 0.5, 0.3333333333333333]
			Mean: 0.48461538461538456
		F1s: [0.4618401206636501, 0.5333333333333333, 0.4949494949494949, 0.5768799102132436, 0.34258373205741627, 0.39732142857142855, 0.6576168929110106, 0.371598071931776, 0.6370370370370371, 0.5710437710437709, 0.3301997649823737, 0.4882154882154882, 0.32738095238095244]
			Mean: 0.47615384602238275
		Accuracies: [0.4666666666666667, 0.5333333333333333, 0.5, 0.5666666666666667, 0.4, 0.4, 0.6666666666666666, 0.36666666666666664, 0.6333333333333333, 0.5666666666666667, 0.36666666666666664, 0.5, 0.3333333333333333]
			Mean: 0.48461538461538456

	Lag = 2
		Precisions: [0.4782608695652174, 0.6428571428571428, 0.6, 0.6500754147812972, 0.48677248677248675, 0.5, 0.57526395173454, 0.6597285067873303, 0.5777777777777777, 0.6285714285714286, 0.4305555555555555, 0.6657407407407407, 0.5119617224880383]
			Mean: 0.5698127382793504
		Recalls: [0.5, 0.6, 0.6, 0.5666666666666667, 0.5, 0.5, 0.5666666666666667, 0.6, 0.5333333333333333, 0.6, 0.43333333333333335, 0.6333333333333333, 0.5]
			Mean: 0.5487179487179487
		F1s: [0.4615384615384615, 0.6111111111111109, 0.6, 0.5768799102132436, 0.4794359576968273, 0.4949494949494949, 0.5652206154987023, 0.6053571428571428, 0.5333333333333333, 0.6035714285714288, 0.4276094276094276, 0.6312940304041528, 0.49158249158249157]
			Mean: 0.5447602619512166
		Accuracies: [0.5, 0.6, 0.6, 0.5666666666666667, 0.5, 0.5, 0.5666666666666667, 0.6, 0.5333333333333333, 0.6, 0.43333333333333335, 0.6333333333333333, 0.5]
			Mean: 0.5487179487179487

	Lag = 3
		Precisions: [0.48677248677248675, 0.5295055821371611, 0.275, 0.5555555555555555, 0.5022222222222222, 0.6018099547511312, 0.4708333333333333, 0.4185185185185185, 0.6389140271493213, 0.7222222222222222, 0.5852272727272727, 0.4380952380952381, 0.5688888888888889]
			Mean: 0.5225819463364118
		Recalls: [0.5, 0.43333333333333335, 0.3, 0.5, 0.5, 0.6, 0.4666666666666667, 0.36666666666666664, 0.6333333333333333, 0.6666666666666666, 0.5666666666666667, 0.43333333333333335, 0.5666666666666667]
			Mean: 0.5025641025641027
		F1s: [0.4794359576968273, 0.4390063032999629, 0.28, 0.5142857142857143, 0.5005561735261402, 0.5982142857142858, 0.4666666666666667, 0.371598071931776, 0.6354285714285713, 0.6666666666666666, 0.5417156286721504, 0.43524130190796856, 0.5671486837226547]
			Mean: 0.49968954042456815
		Accuracies: [0.5, 0.43333333333333335, 0.3, 0.5, 0.5, 0.6, 0.4666666666666667, 0.36666666666666664, 0.6333333333333333, 0.6666666666666666, 0.5666666666666667, 0.43333333333333335, 0.5666666666666667]
			Mean: 0.5025641025641027

	Lag = 4
		Precisions: [0.492822966507177, 0.8115942028985508, 0.4660633484162896, 0.6455026455026455, 0.5688888888888889, 0.35, 0.6666666666666666, 0.46124401913875596, 0.3333333333333333, 0.5339366515837104, 0.546583850931677, 0.45666666666666667, 0.5380952380952381]
			Mean: 0.5285691137407384
		Recalls: [0.5, 0.5666666666666667, 0.4666666666666667, 0.5, 0.5666666666666667, 0.36666666666666664, 0.6666666666666666, 0.4, 0.3333333333333333, 0.5, 0.5333333333333333, 0.43333333333333335, 0.5333333333333333]
			Mean: 0.4897435897435897
		F1s: [0.49142857142857144, 0.547699214365881, 0.46428571428571425, 0.49388209121245824, 0.5671486837226547, 0.3485714285714286, 0.6666666666666666, 0.4, 0.27777777777777773, 0.5027808676307008, 0.4976076555023924, 0.4199775533108866, 0.5333333333333333]
			Mean: 0.47778150444680506
		Accuracies: [0.5, 0.5666666666666667, 0.4666666666666667, 0.5, 0.5666666666666667, 0.36666666666666664, 0.6666666666666666, 0.4, 0.3333333333333333, 0.5, 0.5333333333333333, 0.43333333333333335, 0.5333333333333333]
			Mean: 0.4897435897435897

	Lag = 5
		Precisions: [0.492822966507177, 0.46560846560846564, 0.5694444444444445, 0.6858054226475279, 0.5688888888888889, 0.5852272727272727, 0.6437405731523379, 0.5083333333333333, 0.4857142857142857, 0.43333333333333335, 0.3958333333333333, 0.45666666666666667, 0.6053571428571428]
			Mean: 0.5305212407087854
		Recalls: [0.5, 0.36666666666666664, 0.5666666666666667, 0.5666666666666667, 0.5666666666666667, 0.5666666666666667, 0.6333333333333333, 0.43333333333333335, 0.43333333333333335, 0.4, 0.43333333333333335, 0.43333333333333335, 0.6]
			Mean: 0.5000000000000001
		F1s: [0.49142857142857144, 0.3589173155357805, 0.5622895622895623, 0.5710048201705599, 0.5671486837226547, 0.5417156286721504, 0.6321097515758249, 0.4276603633667037, 0.41616161616161623, 0.4, 0.3772893772893772, 0.4199775533108866, 0.6000000000000001]
			Mean: 0.48966948027105295
		Accuracies: [0.5, 0.36666666666666664, 0.5666666666666667, 0.5666666666666667, 0.5666666666666667, 0.5666666666666667, 0.6333333333333333, 0.43333333333333335, 0.43333333333333335, 0.4, 0.43333333333333335, 0.43333333333333335, 0.6]
			Mean: 0.5000000000000001

	Lag = 6
		Precisions: [0.39259259259259255, 0.5555555555555555, 0.5694444444444445, 0.6076555023923444, 0.544, 0.4666666666666667, 0.38, 0.612797619047619, 0.4, 0.5607142857142857, 0.3809523809523809, 0.41722488038277505, 0.5444444444444445]
			Mean: 0.49477295170716223
		Recalls: [0.4, 0.43333333333333335, 0.5666666666666667, 0.5, 0.5, 0.4666666666666667, 0.4, 0.5666666666666667, 0.36666666666666664, 0.5333333333333333, 0.4, 0.4, 0.5333333333333333]
			Mean: 0.4666666666666667
		F1s: [0.3945701357466064, 0.4263997033741194, 0.5622895622895623, 0.5050055617352613, 0.43956043956043955, 0.4666666666666667, 0.38333333333333336, 0.5739618406285073, 0.3474747474747474, 0.5375, 0.375, 0.3919642857142857, 0.5291666666666667]
			Mean: 0.45637638024539967
		Accuracies: [0.4, 0.43333333333333335, 0.5666666666666667, 0.5, 0.5, 0.4666666666666667, 0.4, 0.5666666666666667, 0.36666666666666664, 0.5333333333333333, 0.4, 0.4, 0.5333333333333333]
			Mean: 0.4666666666666667

	Lag = 7
		Precisions: [0.5681159420289854, 0.4166666666666667, 0.5339366515837104, 0.5339366515837104, 0.5279503105590062, 0.425, 0.4708333333333333, 0.5446428571428572, 0.4142857142857143, 0.65, 0.3602484472049689, 0.5133928571428571, 0.4766666666666667]
			Mean: 0.4950520075537289
		Recalls: [0.5666666666666667, 0.3333333333333333, 0.5333333333333333, 0.5, 0.5, 0.43333333333333335, 0.4666666666666667, 0.5, 0.4, 0.6, 0.4, 0.5, 0.4666666666666667]
			Mean: 0.47692307692307695
		F1s: [0.5333333333333333, 0.3333333333333333, 0.53125, 0.5123384253819037, 0.46298472385428907, 0.4171428571428572, 0.4666666666666667, 0.5084175084175084, 0.40542986425339367, 0.6, 0.354066985645933, 0.5016685205784205, 0.45218702865761695]
			Mean: 0.46760148055886586
		Accuracies: [0.5666666666666667, 0.3333333333333333, 0.5333333333333333, 0.5, 0.5, 0.43333333333333335, 0.4666666666666667, 0.5, 0.4, 0.6, 0.4, 0.5, 0.4666666666666667]
			Mean: 0.47692307692307695

	Lag = 8
		Precisions: [0.45333333333333337, 0.5555555555555555, 0.65, 0.4305555555555556, 0.6244306418219462, 0.4666666666666667, 0.5067873303167421, 0.6355555555555555, 0.3522727272727273, 0.6024844720496894, 0.3923444976076555, 0.4835595776772247, 0.4223285486443381]
			Mean: 0.505836497081307
		Recalls: [0.4666666666666667, 0.4666666666666667, 0.6333333333333333, 0.3333333333333333, 0.5666666666666667, 0.4666666666666667, 0.5, 0.6, 0.3333333333333333, 0.5, 0.4, 0.4666666666666667, 0.43333333333333335]
			Mean: 0.4743589743589744
		F1s: [0.45185185185185184, 0.47619047619047616, 0.6228571428571429, 0.2911010558069381, 0.5345867606737171, 0.4666666666666667, 0.49833147942157957, 0.6072398190045248, 0.3031674208144796, 0.4685714285714286, 0.3891402714932127, 0.4666666666666667, 0.4236190476190476]
			Mean: 0.4615376990490564
		Accuracies: [0.4666666666666667, 0.4666666666666667, 0.6333333333333333, 0.3333333333333333, 0.5666666666666667, 0.4666666666666667, 0.5, 0.6, 0.3333333333333333, 0.5, 0.4, 0.4666666666666667, 0.43333333333333335]
			Mean: 0.4743589743589744

	Lag = 9
		Precisions: [0.564021164021164, 0.6011904761904762, 0.5, 0.5555555555555555, 0.5688888888888889, 0.5, 0.6437405731523379, 0.43555555555555553, 0.3945701357466064, 0.7055900621118012, 0.575, 0.5231481481481483]
			Mean: 0.5472717132808779
		Recalls: [0.5666666666666667, 0.5333333333333333, 0.5, 0.43333333333333335, 0.5666666666666667, 0.5, 0.6333333333333333, 0.4, 0.36666666666666664, 0.5666666666666667, 0.5666666666666667, 0.5]
			Mean: 0.511111111111111
		F1s: [0.5488444966705835, 0.5460030165912518, 0.4505494505494506, 0.4263997033741194, 0.5671486837226547, 0.4949494949494949, 0.6321097515758249, 0.4108597285067873, 0.3701890989988877, 0.5394285714285715, 0.5542857142857142, 0.49721913236929927]
			Mean: 0.5031655702518867
		Accuracies: [0.5666666666666667, 0.5333333333333333, 0.5, 0.43333333333333335, 0.5666666666666667, 0.5, 0.6333333333333333, 0.4, 0.36666666666666664, 0.5666666666666667, 0.5666666666666667, 0.5]
			Mean: 0.511111111111111

	Lag = 10
		Precisions: [0.492822966507177, 0.5, 0.5333333333333333, 0.7285067873303166, 0.5533333333333333, 0.4305555555555555, 0.4037037037037037, 0.5851851851851851, 0.5777777777777777, 0.5607142857142857, 0.4305555555555555, 0.6088888888888888]
			Mean: 0.533781447740426
		Recalls: [0.5, 0.4, 0.5333333333333333, 0.7, 0.5333333333333333, 0.43333333333333335, 0.4, 0.6, 0.5333333333333333, 0.5333333333333333, 0.43333333333333335, 0.6]
			Mean: 0.5166666666666666
		F1s: [0.49142857142857144, 0.4, 0.5333333333333333, 0.707403055229142, 0.5206636500754147, 0.4276094276094276, 0.3946428571428572, 0.59, 0.5333333333333333, 0.5375, 0.4276094276094276, 0.6017857142857144]
			Mean: 0.5137757808372684
		Accuracies: [0.5, 0.4, 0.5333333333333333, 0.7, 0.5333333333333333, 0.43333333333333335, 0.4, 0.6, 0.5333333333333333, 0.5333333333333333, 0.43333333333333335, 0.6]
			Mean: 0.5166666666666666

	Lag = 11
		Precisions: [0.6338118022328548, 0.5555555555555555, 0.5, 0.6805555555555556, 0.6053571428571428, 0.4666666666666667, 0.5444444444444445, 0.485369532428356, 0.5777777777777777, 0.3248868778280543, 0.7083333333333334, 0.3782738095238095]
			Mean: 0.5384193748502958
		Recalls: [0.6333333333333333, 0.43333333333333335, 0.5, 0.4666666666666667, 0.6, 0.4666666666666667, 0.5333333333333333, 0.4666666666666667, 0.5333333333333333, 0.3, 0.7, 0.36666666666666664]
			Mean: 0.49999999999999994
		F1s: [0.6270476190476191, 0.4263997033741194, 0.4712103407755581, 0.43288084464555054, 0.6000000000000001, 0.4666666666666667, 0.5291666666666667, 0.47407407407407404, 0.5333333333333333, 0.3038932146829811, 0.6969696969696969, 0.3687801260659993]
			Mean: 0.49420185719185544
		Accuracies: [0.6333333333333333, 0.43333333333333335, 0.5, 0.4666666666666667, 0.6, 0.4666666666666667, 0.5333333333333333, 0.4666666666666667, 0.5333333333333333, 0.3, 0.7, 0.36666666666666664]
			Mean: 0.49999999999999994

	Lag = 12
		Precisions: [0.5266666666666667, 0.6666666666666666, 0.6339285714285715, 0.4242424242424242, 0.4, 0.46411483253588515, 0.47407407407407404, 0.49166666666666664, 0.2590909090909091, 0.6318181818181817, 0.6794258373205742, 0.3805555555555556]
			Mean: 0.5026875321721812
		Recalls: [0.5333333333333333, 0.5333333333333333, 0.6333333333333333, 0.3333333333333333, 0.4, 0.4666666666666667, 0.4666666666666667, 0.43333333333333335, 0.26666666666666666, 0.5333333333333333, 0.6666666666666666, 0.36666666666666664]
			Mean: 0.4694444444444444
		F1s: [0.5203703703703704, 0.5333333333333333, 0.6329254727474972, 0.3154761904761905, 0.4, 0.45701357466063347, 0.46190476190476193, 0.43774564330737864, 0.23348416289592755, 0.5122171945701358, 0.6606334841628959, 0.36314423433444565]
			Mean: 0.46068736856363096
		Accuracies: [0.5333333333333333, 0.5333333333333333, 0.6333333333333333, 0.3333333333333333, 0.4, 0.4666666666666667, 0.4666666666666667, 0.43333333333333335, 0.26666666666666666, 0.5333333333333333, 0.6666666666666666, 0.36666666666666664]
			Mean: 0.4694444444444444

	Lag = 13
		Precisions: [0.564021164021164, 0.6212121212121212, 0.43303571428571425, 0.4666666666666667, 0.5333333333333333, 0.5669642857142857, 0.4766666666666667, 0.6817496229260934, 0.44545454545454544, 0.5055555555555556, 0.32954545454545453, 0.6666666666666666]
			Mean: 0.524239316420689
		Recalls: [0.5666666666666667, 0.4666666666666667, 0.43333333333333335, 0.4666666666666667, 0.5333333333333333, 0.5666666666666667, 0.4666666666666667, 0.6666666666666666, 0.4, 0.4666666666666667, 0.36666666666666664, 0.6666666666666666]
			Mean: 0.5055555555555555
		F1s: [0.5488444966705835, 0.45238095238095233, 0.43270300333704115, 0.4666666666666667, 0.5333333333333333, 0.5661846496106785, 0.45218702865761695, 0.6712962962962963, 0.3728506787330316, 0.4666666666666666, 0.3301997649823737, 0.6666666666666666]
			Mean: 0.49666501700015897
		Accuracies: [0.5666666666666667, 0.4666666666666667, 0.43333333333333335, 0.4666666666666667, 0.5333333333333333, 0.5666666666666667, 0.4666666666666667, 0.6666666666666666, 0.4, 0.4666666666666667, 0.36666666666666664, 0.6666666666666666]
			Mean: 0.5055555555555555

Results for 'transactions' bitcoin estimating probabilities on 'paper' mode:
	Lag = 1
		Precisions: [0.36983408748114627, 0.6011904761904762, 0.46411483253588515, 0.5555555555555555, 0.4383107088989442, 0.6076555023923444, 0.4223285486443381, 0.5022222222222222, 0.6, 0.6733031674208144, 0.46411483253588515, 0.5122153209109731, 0.46111111111111114]
			Mean: 0.5132274127615151
		Recalls: [0.36666666666666664, 0.5333333333333333, 0.4666666666666667, 0.5, 0.43333333333333335, 0.6, 0.43333333333333335, 0.4666666666666667, 0.6, 0.6333333333333333, 0.4666666666666667, 0.4666666666666667, 0.4666666666666667]
			Mean: 0.4948717948717949
		F1s: [0.36455320726733403, 0.5460030165912518, 0.45701357466063347, 0.5142857142857143, 0.4314423433444568, 0.5927601809954751, 0.4236190476190476, 0.4763197586726998, 0.6, 0.635372636262514, 0.45701357466063347, 0.4296296296296296, 0.4618401206636501]
			Mean: 0.49152713881946464
		Accuracies: [0.36666666666666664, 0.5333333333333333, 0.4666666666666667, 0.5, 0.43333333333333335, 0.6, 0.43333333333333335, 0.4666666666666667, 0.6, 0.6333333333333333, 0.4666666666666667, 0.4666666666666667, 0.4666666666666667]
			Mean: 0.4948717948717949

	Lag = 2
		Precisions: [0.4222222222222222, 0.5833333333333334, 0.6018099547511312, 0.6666666666666666, 0.5333333333333333, 0.5669642857142857, 0.5266666666666667, 0.6, 0.6389140271493213, 0.5866666666666667, 0.29910714285714285, 0.5044642857142857, 0.5185185185185185]
			Mean: 0.5422051618148903
		Recalls: [0.4666666666666667, 0.4666666666666667, 0.6, 0.6666666666666666, 0.5333333333333333, 0.5666666666666667, 0.5333333333333333, 0.6, 0.6333333333333333, 0.5666666666666667, 0.3, 0.5, 0.5]
			Mean: 0.5333333333333333
		F1s: [0.41333333333333333, 0.4666666666666667, 0.5982142857142858, 0.6666666666666666, 0.5333333333333333, 0.5661846496106785, 0.5203703703703704, 0.6, 0.6354285714285713, 0.5710437710437709, 0.2992213570634038, 0.5016835016835017, 0.4799999999999999]
			Mean: 0.5270881928395832
		Accuracies: [0.4666666666666667, 0.4666666666666667, 0.6, 0.6666666666666666, 0.5333333333333333, 0.5666666666666667, 0.5333333333333333, 0.6, 0.6333333333333333, 0.5666666666666667, 0.3, 0.5, 0.5]
			Mean: 0.5333333333333333

	Lag = 3
		Precisions: [0.5067873303167421, 0.5833333333333334, 0.3923444976076555, 0.6666666666666666, 0.43891547049441787, 0.5333333333333333, 0.4782608695652174, 0.44886877828054295, 0.42488038277511964, 0.4142857142857143, 0.5396825396825397, 0.4835595776772247, 0.3555555555555555]
			Mean: 0.4820364653518511
		Recalls: [0.5, 0.4666666666666667, 0.4, 0.6666666666666666, 0.43333333333333335, 0.5333333333333333, 0.5, 0.4, 0.43333333333333335, 0.4, 0.5333333333333333, 0.4666666666666667, 0.36666666666666664]
			Mean: 0.46923076923076923
		F1s: [0.49833147942157957, 0.4666666666666667, 0.3891402714932127, 0.6666666666666666, 0.4237934904601571, 0.5333333333333333, 0.4615384615384615, 0.4080357142857143, 0.42867215041128076, 0.40542986425339367, 0.5138888888888888, 0.4666666666666667, 0.34133333333333327]
			Mean: 0.46180746057071964
		Accuracies: [0.5, 0.4666666666666667, 0.4, 0.6666666666666666, 0.43333333333333335, 0.5333333333333333, 0.5, 0.4, 0.43333333333333335, 0.4, 0.5333333333333333, 0.4666666666666667, 0.36666666666666664]
			Mean: 0.46923076923076923

	Lag = 4
		Precisions: [0.4666666666666667, 0.5833333333333334, 0.3660714285714286, 0.5555555555555555, 0.3631975867269985, 0.4660633484162896, 0.6733333333333333, 0.5092592592592593, 0.4407239819004525, 0.4746411483253588, 0.5358851674641147, 0.580952380952381, 0.3658692185007974]
			Mean: 0.490888646846613
		Recalls: [0.4666666666666667, 0.4666666666666667, 0.36666666666666664, 0.5666666666666667, 0.36666666666666664, 0.4666666666666667, 0.6666666666666666, 0.5, 0.43333333333333335, 0.43333333333333335, 0.5333333333333333, 0.5666666666666667, 0.36666666666666664]
			Mean: 0.4769230769230769
		F1s: [0.4666666666666667, 0.4666666666666667, 0.3659621802002225, 0.5605477107402652, 0.36453423120089795, 0.46428571428571425, 0.6574074074074076, 0.5041128084606346, 0.4365714285714286, 0.4289210233592881, 0.5248868778280543, 0.5681127178346311, 0.3560044893378226]
			Mean: 0.4742061478892076
		Accuracies: [0.4666666666666667, 0.4666666666666667, 0.36666666666666664, 0.5666666666666667, 0.36666666666666664, 0.4666666666666667, 0.6666666666666666, 0.5, 0.43333333333333335, 0.43333333333333335, 0.5333333333333333, 0.5666666666666667, 0.36666666666666664]
			Mean: 0.4769230769230769

	Lag = 5
		Precisions: [0.5067873303167421, 0.21333333333333335, 0.6018099547511312, 0.6666666666666666, 0.48677248677248675, 0.425, 0.6068181818181818, 0.5508295625942685, 0.4407239819004525, 0.5777777777777777, 0.3923444976076555, 0.6677248677248677, 0.6244306418219462]
			Mean: 0.5200784063911931
		Recalls: [0.5, 0.23333333333333334, 0.6, 0.5333333333333333, 0.5, 0.43333333333333335, 0.6, 0.5333333333333333, 0.43333333333333335, 0.5333333333333333, 0.4, 0.6, 0.5666666666666667]
			Mean: 0.4974358974358974
		F1s: [0.49833147942157957, 0.16761904761904764, 0.5982142857142858, 0.5333333333333333, 0.4794359576968273, 0.4171428571428572, 0.5770334928229666, 0.5398148148148149, 0.4365714285714286, 0.5333333333333333, 0.3891402714932127, 0.5855203619909503, 0.5345867606737171]
			Mean: 0.4838521095867965
		Accuracies: [0.5, 0.23333333333333334, 0.6, 0.5333333333333333, 0.5, 0.43333333333333335, 0.6, 0.5333333333333333, 0.43333333333333335, 0.5333333333333333, 0.4, 0.6, 0.5666666666666667]
			Mean: 0.4974358974358974

	Lag = 6
		Precisions: [0.6437405731523379, 0.6428571428571428, 0.6018099547511312, 0.7037037037037038, 0.5022222222222222, 0.5, 0.6355555555555555, 0.47407407407407404, 0.6036199095022624, 0.5866666666666667, 0.575, 0.44583333333333336, 0.497737556561086]
			Mean: 0.5702169763368858
		Recalls: [0.6333333333333333, 0.6, 0.6, 0.6, 0.5, 0.5, 0.6333333333333333, 0.4, 0.5666666666666667, 0.5666666666666667, 0.5666666666666667, 0.43333333333333335, 0.5]
			Mean: 0.5461538461538461
		F1s: [0.6321097515758249, 0.6111111111111109, 0.5982142857142858, 0.6071428571428572, 0.5005561735261402, 0.49944382647385993, 0.6337411939191694, 0.3866071428571428, 0.5690767519466073, 0.5710437710437709, 0.5542857142857142, 0.43522432332220984, 0.4983164983164984]
			Mean: 0.5459133385565532
		Accuracies: [0.6333333333333333, 0.6, 0.6, 0.6, 0.5, 0.5, 0.6333333333333333, 0.4, 0.5666666666666667, 0.5666666666666667, 0.5666666666666667, 0.43333333333333335, 0.5]
			Mean: 0.5461538461538461

	Lag = 7
		Precisions: [0.5650075414781297, 0.5327380952380952, 0.6018099547511312, 0.5921325051759835, 0.45333333333333337, 0.8, 0.45333333333333337, 0.6583333333333333, 0.5067873303167421, 0.4142857142857143, 0.3981900452488688, 0.6088888888888888, 0.6]
			Mean: 0.5526800057987349
		Recalls: [0.5666666666666667, 0.4666666666666667, 0.6, 0.43333333333333335, 0.4666666666666667, 0.7666666666666667, 0.4666666666666667, 0.6333333333333333, 0.5, 0.4, 0.4, 0.6, 0.5666666666666667]
			Mean: 0.5282051282051282
		F1s: [0.5652076318742986, 0.48114630467571645, 0.5982142857142858, 0.4085297418630752, 0.45185185185185184, 0.76, 0.45185185185185184, 0.6396190476190476, 0.5028571428571429, 0.40542986425339367, 0.39732142857142855, 0.6017857142857144, 0.5493333333333335]
			Mean: 0.524088322980857
		Accuracies: [0.5666666666666667, 0.4666666666666667, 0.6, 0.43333333333333335, 0.4666666666666667, 0.7666666666666667, 0.4666666666666667, 0.6333333333333333, 0.5, 0.4, 0.4, 0.6, 0.5666666666666667]
			Mean: 0.5282051282051282

	Lag = 8
		Precisions: [0.5185185185185185, 0.4358974358974359, 0.575, 0.46428571428571425, 0.36983408748114627, 0.5, 0.43555555555555553, 0.44338624338624333, 0.5464285714285714, 0.5666666666666667, 0.65, 0.4666666666666667, 0.5067873303167421]
			Mean: 0.4983866761694816
		Recalls: [0.5, 0.3333333333333333, 0.5666666666666667, 0.4, 0.36666666666666664, 0.5, 0.43333333333333335, 0.4666666666666667, 0.5333333333333333, 0.4666666666666667, 0.6333333333333333, 0.4666666666666667, 0.5]
			Mean: 0.47435897435897434
		F1s: [0.4799999999999999, 0.2592592592592593, 0.5542857142857142, 0.416289592760181, 0.36455320726733403, 0.49944382647385993, 0.4339636633296255, 0.4533333333333333, 0.5375565610859728, 0.4222222222222223, 0.6228571428571429, 0.4666666666666667, 0.49833147942157957]
			Mean: 0.4622125129971455
		Accuracies: [0.5, 0.3333333333333333, 0.5666666666666667, 0.4, 0.36666666666666664, 0.5, 0.43333333333333335, 0.4666666666666667, 0.5333333333333333, 0.4666666666666667, 0.6333333333333333, 0.4666666666666667, 0.5]
			Mean: 0.47435897435897434

	Lag = 9
		Precisions: [0.6148148148148148, 0.5555555555555555, 0.5358851674641147, 0.6428571428571428, 0.6322775263951735, 0.5, 0.6579710144927536, 0.5333333333333333, 0.6952380952380952, 0.5728506787330317, 0.5669642857142857, 0.49154704944178623]
			Mean: 0.5832745553366739
		Recalls: [0.6, 0.43333333333333335, 0.5333333333333333, 0.6, 0.6333333333333333, 0.5, 0.6333333333333333, 0.5333333333333333, 0.7, 0.5666666666666667, 0.5666666666666667, 0.4666666666666667]
			Mean: 0.5638888888888889
		F1s: [0.5964285714285715, 0.4263997033741194, 0.5248868778280543, 0.6111111111111109, 0.6320987654320989, 0.48571428571428577, 0.6051282051282051, 0.5333333333333333, 0.69010989010989, 0.5691428571428573, 0.5661846496106785, 0.4595238095238095]
			Mean: 0.5583385049780846
		Accuracies: [0.6, 0.43333333333333335, 0.5333333333333333, 0.6, 0.6333333333333333, 0.5, 0.6333333333333333, 0.5333333333333333, 0.7, 0.5666666666666667, 0.5666666666666667, 0.4666666666666667]
			Mean: 0.5638888888888889

	Lag = 10
		Precisions: [0.6053571428571428, 0.6076555023923444, 0.732919254658385, 0.6636500754147813, 0.43555555555555553, 0.5339366515837104, 0.5296296296296297, 0.44351851851851853, 0.7031055900621117, 0.6287081339712919, 0.5852272727272727, 0.5566666666666666]
			Mean: 0.5854941661697842
		Recalls: [0.6, 0.5, 0.6666666666666666, 0.6333333333333333, 0.43333333333333335, 0.5333333333333333, 0.5333333333333333, 0.43333333333333335, 0.7, 0.6333333333333333, 0.5666666666666667, 0.5666666666666667]
			Mean: 0.5666666666666665
		F1s: [0.6000000000000001, 0.5050055617352613, 0.6411483253588517, 0.6423815119467293, 0.4339636633296255, 0.53125, 0.5291101055806938, 0.43799451625538577, 0.6788189987163029, 0.6303172737955347, 0.5417156286721504, 0.5559733646690168]
			Mean: 0.5606399125049627
		Accuracies: [0.6, 0.5, 0.6666666666666666, 0.6333333333333333, 0.43333333333333335, 0.5333333333333333, 0.5333333333333333, 0.43333333333333335, 0.7, 0.6333333333333333, 0.5666666666666667, 0.5666666666666667]
			Mean: 0.5666666666666665

	Lag = 11
		Precisions: [0.5022222222222222, 0.6805555555555556, 0.669683257918552, 0.5921325051759835, 0.5981481481481482, 0.4603174603174603, 0.27586206896551724, 0.44351851851851853, 0.5818181818181818, 0.5607142857142857, 0.6794258373205742, 0.4380952380952381]
			Mean: 0.5402077733141865
		Recalls: [0.5, 0.4666666666666667, 0.6666666666666666, 0.43333333333333335, 0.6, 0.4666666666666667, 0.5, 0.43333333333333335, 0.6, 0.5333333333333333, 0.6666666666666666, 0.43333333333333335]
			Mean: 0.525
		F1s: [0.5005561735261402, 0.43288084464555054, 0.6651785714285715, 0.4085297418630752, 0.5963800904977375, 0.44444444444444453, 0.35555555555555557, 0.43799451625538577, 0.5800000000000001, 0.5375, 0.6606334841628959, 0.43524130190796856]
			Mean: 0.5045745603572771
		Accuracies: [0.5, 0.4666666666666667, 0.6666666666666666, 0.43333333333333335, 0.6, 0.4666666666666667, 0.5, 0.43333333333333335, 0.6, 0.5333333333333333, 0.6666666666666666, 0.43333333333333335]
			Mean: 0.525

	Lag = 12
		Precisions: [0.6, 0.7901234567901234, 0.7083333333333334, 0.4074074074074074, 0.5067873303167421, 0.4603174603174603, 0.4782608695652174, 0.575, 0.4272727272727272, 0.52, 0.2222222222222222, 0.7035714285714286]
			Mean: 0.5332746863163885
		Recalls: [0.6, 0.43333333333333335, 0.7, 0.3333333333333333, 0.5, 0.4666666666666667, 0.5, 0.5666666666666667, 0.4666666666666667, 0.4666666666666667, 0.26666666666666666, 0.7]
			Mean: 0.5
		F1s: [0.6, 0.35409322365844104, 0.6969696969696969, 0.3452380952380952, 0.49833147942157957, 0.44444444444444453, 0.4615384615384615, 0.5702311006658831, 0.44, 0.45714285714285713, 0.2361111111111111, 0.701010101010101]
			Mean: 0.4837592142667226
		Accuracies: [0.6, 0.43333333333333335, 0.7, 0.3333333333333333, 0.5, 0.4666666666666667, 0.5, 0.5666666666666667, 0.4666666666666667, 0.4666666666666667, 0.26666666666666666, 0.7]
			Mean: 0.5

	Lag = 13
		Precisions: [0.36983408748114627, 0.5119617224880383, 0.669683257918552, 0.5555555555555555, 0.44166666666666665, 0.5, 0.43046757164404226, 0.46101190476190473, 0.5333333333333333, 0.43333333333333335, 0.45341614906832295, 0.535]
			Mean: 0.4912719651875746
		Recalls: [0.36666666666666664, 0.5, 0.6666666666666666, 0.4666666666666667, 0.4666666666666667, 0.5, 0.43333333333333335, 0.43333333333333335, 0.5333333333333333, 0.4, 0.4666666666666667, 0.5]
			Mean: 0.47777777777777786
		F1s: [0.36455320726733403, 0.5054945054945055, 0.6651785714285715, 0.47619047619047616, 0.4360446570972887, 0.48571428571428577, 0.43142536475869814, 0.443047619047619, 0.5333333333333333, 0.4, 0.4258373205741627, 0.4882154882154882]
			Mean: 0.47125290242681356
		Accuracies: [0.36666666666666664, 0.5, 0.6666666666666666, 0.4666666666666667, 0.4666666666666667, 0.5, 0.43333333333333335, 0.43333333333333335, 0.5333333333333333, 0.4, 0.4666666666666667, 0.5]
			Mean: 0.47777777777777786

