Results for 'price' bitcoin estimating probabilities on 'count' mode:
	Lag = 1
		Precisions: [0.5333333333333333, 0.6203703703703703, 0.6217194570135746, 0.6799999999999999, 0.7185185185185186, 0.24973544973544973, 0.36983408748114627, 0.46060606060606063, 0.6397515527950312, 0.39259259259259255, 0.4222222222222222, 0.43209876543209874, 0.6149920255183413]
			Mean: 0.5196749565860569
		Recalls: [0.5333333333333333, 0.6, 0.6, 0.6, 0.7333333333333333, 0.26666666666666666, 0.36666666666666664, 0.43333333333333335, 0.6, 0.4, 0.4666666666666667, 0.5, 0.5333333333333333]
			Mean: 0.5102564102564102
		F1s: [0.5333333333333333, 0.6076555023923444, 0.5999999999999999, 0.5928571428571429, 0.6833333333333333, 0.24012066365007542, 0.36455320726733403, 0.40419047619047616, 0.569377990430622, 0.3945701357466064, 0.41333333333333333, 0.40218878248974005, 0.5333333333333333]
			Mean: 0.48760363341212887
		Accuracies: [0.5333333333333333, 0.6, 0.6, 0.6, 0.7333333333333333, 0.26666666666666666, 0.36666666666666664, 0.43333333333333335, 0.6, 0.4, 0.4666666666666667, 0.5, 0.5333333333333333]
			Mean: 0.5102564102564102

	Lag = 2
		Precisions: [0.5446428571428572, 0.4867724867724868, 0.41946169772256725, 0.5502392344497608, 0.5166666666666667, 0.6416666666666667, 0.63, 0.6416666666666667, 0.5, 0.4035714285714286, 0.6933333333333334, 0.26666666666666666, 0.5446428571428572]
			Mean: 0.526102350907843
		Recalls: [0.5, 0.5, 0.4666666666666667, 0.5, 0.5666666666666667, 0.5666666666666667, 0.6, 0.5666666666666667, 0.5, 0.4, 0.6333333333333333, 0.4666666666666667, 0.5]
			Mean: 0.5205128205128206
		F1s: [0.5084175084175084, 0.49293966623876767, 0.42666666666666664, 0.49610678531701896, 0.5377777777777778, 0.5443809523809524, 0.5891402714932127, 0.5443809523809524, 0.4505494505494506, 0.4, 0.5867351305091998, 0.3393939393939394, 0.5084175084175084]
			Mean: 0.4942235853494582
		Accuracies: [0.5, 0.5, 0.4666666666666667, 0.5, 0.5666666666666667, 0.5666666666666667, 0.6, 0.5666666666666667, 0.5, 0.4, 0.6333333333333333, 0.4666666666666667, 0.5]
			Mean: 0.5205128205128206

	Lag = 3
		Precisions: [0.5446428571428572, 0.5555555555555555, 0.4755555555555555, 0.5777777777777777, 0.536, 0.5306666666666666, 0.6726190476190477, 0.5231481481481483, 0.6041666666666666, 0.5333333333333333, 0.34933333333333333, 0.5786666666666667, 0.6716666666666667]
			Mean: 0.5502409442409443
		Recalls: [0.5, 0.6333333333333333, 0.4666666666666667, 0.5333333333333333, 0.6, 0.4666666666666667, 0.6666666666666666, 0.5, 0.5666666666666667, 0.5333333333333333, 0.43333333333333335, 0.5666666666666667, 0.5666666666666667]
			Mean: 0.541025641025641
		F1s: [0.5084175084175084, 0.5619203491543916, 0.46904761904761905, 0.5333333333333333, 0.5602484472049691, 0.40542264752791063, 0.6666666666666666, 0.49721913236929927, 0.5238095238095238, 0.5333333333333333, 0.3613179289687633, 0.5115960633290544, 0.5623285131627734]
			Mean: 0.5149739281788575
		Accuracies: [0.5, 0.6333333333333333, 0.4666666666666667, 0.5333333333333333, 0.6, 0.4666666666666667, 0.6666666666666666, 0.5, 0.5666666666666667, 0.5333333333333333, 0.43333333333333335, 0.5666666666666667, 0.5666666666666667]
			Mean: 0.541025641025641

	Lag = 4
		Precisions: [0.6266666666666666, 0.5555555555555555, 0.5708333333333333, 0.5339366515837104, 0.5596153846153846, 0.5422222222222222, 0.5185185185185185, 0.5526395173453996, 0.25, 0.5333333333333333, 0.782716049382716, 0.6074074074074074, 0.512]
			Mean: 0.5496495876895575
		Recalls: [0.6333333333333333, 0.6333333333333333, 0.5666666666666667, 0.5, 0.6333333333333333, 0.5333333333333333, 0.5, 0.5333333333333333, 0.5, 0.5333333333333333, 0.6333333333333333, 0.5666666666666667, 0.4]
			Mean: 0.5512820512820512
		F1s: [0.6293040293040293, 0.5619203491543916, 0.5681257014590348, 0.5027808676307008, 0.5823240589198037, 0.5354166666666667, 0.4799999999999999, 0.5333333333333333, 0.3333333333333333, 0.5333333333333333, 0.5616051071591427, 0.48189694482444145, 0.3416666666666667]
			Mean: 0.5111569532142214
		Accuracies: [0.6333333333333333, 0.6333333333333333, 0.5666666666666667, 0.5, 0.6333333333333333, 0.5333333333333333, 0.5, 0.5333333333333333, 0.5, 0.5333333333333333, 0.6333333333333333, 0.5666666666666667, 0.4]
			Mean: 0.5512820512820512

	Lag = 5
		Precisions: [0.680952380952381, 0.6066252587991718, 0.41447963800904986, 0.384, 0.645, 0.40888888888888886, 0.47407407407407404, 0.584126984126984, 0.4660633484162896, 0.5981481481481482, 0.48677248677248675, 0.34933333333333333, 0.47407407407407404]
			Mean: 0.5055798935072985
		Recalls: [0.6333333333333333, 0.6333333333333333, 0.4, 0.36666666666666664, 0.6333333333333333, 0.4, 0.4666666666666667, 0.5333333333333333, 0.4666666666666667, 0.6, 0.5, 0.43333333333333335, 0.4]
			Mean: 0.49743589743589745
		F1s: [0.6395061728395063, 0.6137710898312814, 0.40000000000000013, 0.29894242068155114, 0.6385109114249037, 0.4026785714285714, 0.46190476190476193, 0.5164404223227752, 0.46428571428571425, 0.5963800904977375, 0.4794359576968273, 0.3613179289687633, 0.3866071428571428]
			Mean: 0.48152162959534894
		Accuracies: [0.6333333333333333, 0.6333333333333333, 0.4, 0.36666666666666664, 0.6333333333333333, 0.4, 0.4666666666666667, 0.5333333333333333, 0.4666666666666667, 0.6, 0.5, 0.43333333333333335, 0.4]
			Mean: 0.49743589743589745

	Lag = 6
		Precisions: [0.5648148148148148, 0.5555555555555555, 0.49537037037037035, 0.5339366515837104, 0.515, 0.5044642857142857, 0.6, 0.6401913875598085, 0.6041666666666666, 0.492822966507177, 0.6074074074074074, 0.7609195402298851, 0.4894409937888199]
			Mean: 0.5664685107845002
		Recalls: [0.5, 0.6333333333333333, 0.5, 0.5, 0.5, 0.5, 0.6, 0.6, 0.5666666666666667, 0.5, 0.5666666666666667, 0.5666666666666667, 0.4]
			Mean: 0.5333333333333333
		F1s: [0.5038932146829811, 0.5619203491543916, 0.49714285714285716, 0.5027808676307008, 0.5070603337612324, 0.5016835016835017, 0.6, 0.5946428571428571, 0.5238095238095238, 0.49142857142857144, 0.48189694482444145, 0.44148148148148153, 0.367420814479638]
			Mean: 0.5057816397863214
		Accuracies: [0.5, 0.6333333333333333, 0.5, 0.5, 0.5, 0.5, 0.6, 0.6, 0.5666666666666667, 0.5, 0.5666666666666667, 0.5666666666666667, 0.4]
			Mean: 0.5333333333333333

	Lag = 7
		Precisions: [0.6583333333333333, 0.6282051282051282, 0.49537037037037035, 0.384, 0.6615384615384615, 0.6133333333333333, 0.43891547049441787, 0.5915343915343916, 0.4603174603174603, 0.6893939393939393, 0.3222222222222222, 0.26666666666666666, 0.625]
			Mean: 0.5257562136469018
		Recalls: [0.6333333333333333, 0.6666666666666666, 0.5, 0.36666666666666664, 0.7, 0.5666666666666667, 0.43333333333333335, 0.6, 0.4666666666666667, 0.6666666666666666, 0.4, 0.4666666666666667, 0.5]
			Mean: 0.535897435897436
		F1s: [0.6396190476190476, 0.6169772256728778, 0.49714285714285716, 0.29894242068155114, 0.658265139116203, 0.5564534231200897, 0.4237934904601571, 0.584688995215311, 0.44444444444444453, 0.6475279106858054, 0.33999999999999997, 0.3393939393939394, 0.48148148148148145]
			Mean: 0.5022100288487512
		Accuracies: [0.6333333333333333, 0.6666666666666666, 0.5, 0.36666666666666664, 0.7, 0.5666666666666667, 0.43333333333333335, 0.6, 0.4666666666666667, 0.6666666666666666, 0.4, 0.4666666666666667, 0.5]
			Mean: 0.535897435897436

	Lag = 8
		Precisions: [0.35444947209653094, 0.43678160919540227, 0.42777777777777776, 0.3522727272727273, 0.5958333333333333, 0.27954545454545454, 0.6148148148148148, 0.49066666666666675, 0.46411483253588515, 0.5242424242424242, 0.4640000000000001, 0.5190476190476191, 0.6497354497354498]
			Mean: 0.47486786009723736
		Recalls: [0.3333333333333333, 0.6333333333333333, 0.43333333333333335, 0.3333333333333333, 0.6333333333333333, 0.3, 0.6, 0.5333333333333333, 0.4666666666666667, 0.5333333333333333, 0.5, 0.5333333333333333, 0.5333333333333333]
			Mean: 0.4897435897435897
		F1s: [0.3425925925925926, 0.5170068027210885, 0.43009523809523814, 0.3031674208144796, 0.6088888888888889, 0.26399999999999996, 0.5964285714285715, 0.47407407407407404, 0.45701357466063347, 0.5065390749601275, 0.43645699614890887, 0.42196969696969694, 0.5229166666666667]
			Mean: 0.4523961229246897
		Accuracies: [0.3333333333333333, 0.6333333333333333, 0.43333333333333335, 0.3333333333333333, 0.6333333333333333, 0.3, 0.6, 0.5333333333333333, 0.4666666666666667, 0.5333333333333333, 0.5, 0.5333333333333333, 0.5333333333333333]
			Mean: 0.4897435897435897

	Lag = 9
		Precisions: [0.485369532428356, 0.5192307692307693, 0.6217194570135746, 0.5055555555555556, 0.536, 0.41242236024844725, 0.43146997929606623, 0.40888888888888886, 0.5, 0.3631975867269985, 0.5786666666666667, 0.5205128205128206]
			Mean: 0.4902528013806786
		Recalls: [0.4666666666666667, 0.6, 0.6, 0.4666666666666667, 0.6, 0.4, 0.43333333333333335, 0.4, 0.5, 0.36666666666666664, 0.5666666666666667, 0.5333333333333333]
			Mean: 0.4944444444444444
		F1s: [0.47407407407407404, 0.5403726708074534, 0.5999999999999999, 0.4666666666666666, 0.5602484472049691, 0.35833333333333334, 0.3913826870348609, 0.4026785714285714, 0.4949494949494949, 0.36453423120089795, 0.5115960633290544, 0.4592592592592593]
			Mean: 0.4686746249407197
		Accuracies: [0.4666666666666667, 0.6, 0.6, 0.4666666666666667, 0.6, 0.4, 0.43333333333333335, 0.4, 0.5, 0.36666666666666664, 0.5666666666666667, 0.5333333333333333]
			Mean: 0.4944444444444444

	Lag = 10
		Precisions: [0.6151515151515151, 0.6190476190476191, 0.5658692185007974, 0.4642533936651584, 0.49937888198757757, 0.6133333333333333, 0.43891547049441787, 0.44583333333333336, 0.5, 0.43046757164404226, 0.5205128205128206, 0.5205128205128206]
			Mean: 0.5194396648486196
		Recalls: [0.6333333333333333, 0.6666666666666666, 0.5333333333333333, 0.43333333333333335, 0.5333333333333333, 0.5666666666666667, 0.43333333333333335, 0.43333333333333335, 0.5, 0.43333333333333335, 0.5333333333333333, 0.5333333333333333]
			Mean: 0.5194444444444445
		F1s: [0.6178005990586222, 0.5833333333333335, 0.5270833333333333, 0.4364849833147942, 0.5147727272727274, 0.5564534231200897, 0.4237934904601571, 0.43522432332220984, 0.4712103407755581, 0.43142536475869814, 0.4592592592592593, 0.4592592592592593]
			Mean: 0.49300836977233686
		Accuracies: [0.6333333333333333, 0.6666666666666666, 0.5333333333333333, 0.43333333333333335, 0.5333333333333333, 0.5666666666666667, 0.43333333333333335, 0.43333333333333335, 0.5, 0.43333333333333335, 0.5333333333333333, 0.5333333333333333]
			Mean: 0.5194444444444445

	Lag = 11
		Precisions: [0.7241071428571428, 0.4444444444444444, 0.5133928571428571, 0.6590909090909091, 0.49937888198757757, 0.34290271132376393, 0.43555555555555553, 0.584126984126984, 0.5, 0.44166666666666665, 0.43209876543209874, 0.5681159420289854]
			Mean: 0.5120734050547487
		Recalls: [0.7, 0.6666666666666666, 0.5, 0.6666666666666666, 0.5333333333333333, 0.3333333333333333, 0.43333333333333335, 0.5333333333333333, 0.5, 0.4666666666666667, 0.5, 0.5666666666666667]
			Mean: 0.5333333333333333
		F1s: [0.7051428571428572, 0.5333333333333333, 0.5016685205784205, 0.65, 0.5147727272727274, 0.32440476190476186, 0.4339636633296255, 0.5164404223227752, 0.4949494949494949, 0.4360446570972887, 0.40218878248974005, 0.5333333333333333]
			Mean: 0.5038535461461965
		Accuracies: [0.7, 0.6666666666666666, 0.5, 0.6666666666666666, 0.5333333333333333, 0.3333333333333333, 0.43333333333333335, 0.5333333333333333, 0.5, 0.4666666666666667, 0.5, 0.5666666666666667]
			Mean: 0.5333333333333333

	Lag = 12
		Precisions: [0.3785822021116139, 0.4444444444444444, 0.5250398724082934, 0.43333333333333335, 0.58, 0.5511363636363636, 0.6355555555555555, 0.27954545454545454, 0.44, 0.5205128205128206, 0.492822966507177, 0.5222222222222223]
			Mean: 0.48359960293977317
		Recalls: [0.3333333333333333, 0.6666666666666666, 0.5333333333333333, 0.4, 0.5666666666666667, 0.5, 0.6333333333333333, 0.3, 0.4666666666666667, 0.5333333333333333, 0.5, 0.5333333333333333]
			Mean: 0.49722222222222223
		F1s: [0.34226190476190477, 0.5333333333333333, 0.5268518518518519, 0.4, 0.572785622593068, 0.47428571428571425, 0.6337411939191694, 0.26399999999999996, 0.4, 0.4592592592592593, 0.49142857142857144, 0.4866666666666667]
			Mean: 0.46538450984162827
		Accuracies: [0.3333333333333333, 0.6666666666666666, 0.5333333333333333, 0.4, 0.5666666666666667, 0.5, 0.6333333333333333, 0.3, 0.4666666666666667, 0.5333333333333333, 0.5, 0.5333333333333333]
			Mean: 0.49722222222222223

	Lag = 13
		Precisions: [0.5267857142857143, 0.5555555555555555, 0.6088888888888888, 0.4803571428571428, 0.7333333333333333, 0.45666666666666667, 0.4766666666666667, 0.3805555555555556, 0.6076555023923444, 0.3590909090909091, 0.27586206896551724, 0.4640000000000001]
			Mean: 0.4937848336881912
		Recalls: [0.5, 0.6333333333333333, 0.6, 0.4666666666666667, 0.7, 0.43333333333333335, 0.4666666666666667, 0.36666666666666664, 0.6, 0.4, 0.5, 0.5]
			Mean: 0.513888888888889
		F1s: [0.5085714285714286, 0.5619203491543916, 0.6017857142857144, 0.47149321266968325, 0.7098901098901098, 0.4199775533108866, 0.45218702865761695, 0.36314423433444565, 0.5927601809954751, 0.36555023923444974, 0.35555555555555557, 0.43645699614890887]
			Mean: 0.48660771690072213
		Accuracies: [0.5, 0.6333333333333333, 0.6, 0.4666666666666667, 0.7, 0.43333333333333335, 0.4666666666666667, 0.36666666666666664, 0.6, 0.4, 0.5, 0.5]
			Mean: 0.513888888888889

Results for 'price' bitcoin estimating probabilities on 'paper' mode:
	Lag = 1
		Precisions: [0.5333333333333333, 0.6282051282051282, 0.5925465838509317, 0.37018633540372664, 0.7634615384615384, 0.5306666666666666, 0.6693333333333334, 0.3654320987654321, 0.6041666666666666, 0.5266666666666667, 0.28444444444444444, 0.5205128205128206, 0.5580246913580247]
			Mean: 0.534383100589901
		Recalls: [0.5333333333333333, 0.6666666666666666, 0.6, 0.43333333333333335, 0.7666666666666667, 0.4666666666666667, 0.5666666666666667, 0.4, 0.5666666666666667, 0.5333333333333333, 0.5333333333333333, 0.5333333333333333, 0.4]
			Mean: 0.5384615384615384
		F1s: [0.5333333333333333, 0.6169772256728778, 0.57, 0.39332477535301663, 0.7342062193126022, 0.40542264752791063, 0.5142857142857142, 0.295, 0.5238095238095238, 0.5203703703703704, 0.37101449275362325, 0.4592592592592593, 0.30813397129186604]
			Mean: 0.48039519484385373
		Accuracies: [0.5333333333333333, 0.6666666666666666, 0.6, 0.43333333333333335, 0.7666666666666667, 0.4666666666666667, 0.5666666666666667, 0.4, 0.5666666666666667, 0.5333333333333333, 0.5333333333333333, 0.5333333333333333, 0.4]
			Mean: 0.5384615384615384

	Lag = 2
		Precisions: [0.6560846560846562, 0.6282051282051282, 0.47159090909090906, 0.45, 0.475, 0.6120082815734988, 0.4223285486443381, 0.5422222222222222, 0.546583850931677, 0.3322751322751323, 0.6933333333333334, 0.26666666666666666, 0.46124401913875596]
			Mean: 0.5044263652435629
		Recalls: [0.6666666666666666, 0.6666666666666666, 0.5, 0.4, 0.6333333333333333, 0.5333333333333333, 0.43333333333333335, 0.5333333333333333, 0.5333333333333333, 0.36666666666666664, 0.6333333333333333, 0.4666666666666667, 0.4]
			Mean: 0.5205128205128206
		F1s: [0.6583333333333333, 0.6169772256728778, 0.47252747252747246, 0.35, 0.5428571428571428, 0.500925925925926, 0.4236190476190476, 0.5354166666666667, 0.4976076555023924, 0.3406188797493145, 0.5867351305091998, 0.3393939393939394, 0.4]
			Mean: 0.4819240322890241
		Accuracies: [0.6666666666666666, 0.6666666666666666, 0.5, 0.4, 0.6333333333333333, 0.5333333333333333, 0.43333333333333335, 0.5333333333333333, 0.5333333333333333, 0.36666666666666664, 0.6333333333333333, 0.4666666666666667, 0.4]
			Mean: 0.5205128205128206

	Lag = 3
		Precisions: [0.38437001594896336, 0.638888888888889, 0.3453996983408748, 0.3333333333333333, 0.515, 0.6613333333333334, 0.6322775263951735, 0.6657407407407407, 0.25, 0.48677248677248675, 0.2985507246376811, 0.26666666666666666, 0.5291666666666667]
			Mean: 0.4621153909019084
		Recalls: [0.3333333333333333, 0.6666666666666666, 0.3333333333333333, 0.3333333333333333, 0.5, 0.5333333333333333, 0.6333333333333333, 0.6333333333333333, 0.5, 0.5, 0.36666666666666664, 0.4666666666666667, 0.43333333333333335]
			Mean: 0.4794871794871795
		F1s: [0.3333333333333333, 0.6401515151515151, 0.3333333333333333, 0.27777777777777773, 0.5070603337612324, 0.47974481658692175, 0.6320987654320989, 0.6312940304041528, 0.3333333333333333, 0.4794359576968273, 0.31794871794871793, 0.3393939393939394, 0.4123456790123457]
			Mean: 0.4397885794742714
		Accuracies: [0.3333333333333333, 0.6666666666666666, 0.3333333333333333, 0.3333333333333333, 0.5, 0.5333333333333333, 0.6333333333333333, 0.6333333333333333, 0.5, 0.5, 0.36666666666666664, 0.4666666666666667, 0.43333333333333335]
			Mean: 0.4794871794871795

	Lag = 4
		Precisions: [0.5648148148148148, 0.6066252587991718, 0.5060041407867495, 0.49937888198757757, 0.4666666666666667, 0.45666666666666667, 0.5888888888888888, 0.44583333333333336, 0.4074074074074074, 0.4383107088989442, 0.7948717948717949, 0.28444444444444444, 0.3375]
			Mean: 0.49210869288972775
		Recalls: [0.5, 0.6333333333333333, 0.5333333333333333, 0.43333333333333335, 0.6, 0.43333333333333335, 0.5333333333333333, 0.43333333333333335, 0.4666666666666667, 0.43333333333333335, 0.6666666666666666, 0.5333333333333333, 0.3]
			Mean: 0.5
		F1s: [0.5038932146829811, 0.6137710898312814, 0.49833333333333335, 0.39771428571428574, 0.525, 0.4199775533108866, 0.4886762360446571, 0.43522432332220984, 0.36507936507936506, 0.4314423433444568, 0.6137566137566138, 0.37101449275362325, 0.274074074074074]
			Mean: 0.4567659173267513
		Accuracies: [0.5, 0.6333333333333333, 0.5333333333333333, 0.43333333333333335, 0.6, 0.43333333333333335, 0.5333333333333333, 0.43333333333333335, 0.4666666666666667, 0.43333333333333335, 0.6666666666666666, 0.5333333333333333, 0.3]
			Mean: 0.5

	Lag = 5
		Precisions: [0.5925595238095238, 0.8095238095238095, 0.5708333333333333, 0.6258373205741627, 0.7634615384615384, 0.27954545454545454, 0.303030303030303, 0.5231481481481483, 0.3557692307692308, 0.45333333333333337, 0.5222222222222223, 0.5688888888888889, 0.5597222222222221]
			Mean: 0.5329134868355516
		Recalls: [0.5666666666666667, 0.7333333333333333, 0.5666666666666667, 0.5666666666666667, 0.7666666666666667, 0.3, 0.3333333333333333, 0.5, 0.43333333333333335, 0.4666666666666667, 0.5333333333333333, 0.5666666666666667, 0.43333333333333335]
			Mean: 0.5205128205128206
		F1s: [0.5740952380952381, 0.6666666666666666, 0.5681257014590348, 0.5632925472747498, 0.7342062193126022, 0.26399999999999996, 0.2962962962962962, 0.49721913236929927, 0.34531450577663675, 0.45185185185185184, 0.4866666666666667, 0.5671486837226547, 0.3912380952380952]
			Mean: 0.4927785849792148
		Accuracies: [0.5666666666666667, 0.7333333333333333, 0.5666666666666667, 0.5666666666666667, 0.7666666666666667, 0.3, 0.3333333333333333, 0.5, 0.43333333333333335, 0.4666666666666667, 0.5333333333333333, 0.5666666666666667, 0.43333333333333335]
			Mean: 0.5205128205128206

	Lag = 6
		Precisions: [0.2984126984126984, 0.5339366515837104, 0.49154704944178623, 0.5055555555555556, 0.43253588516746416, 0.5122153209109731, 0.5119617224880383, 0.77, 0.44, 0.492822966507177, 0.5190476190476191, 0.28444444444444444, 0.5597222222222221]
			Mean: 0.4886309335216683
		Recalls: [0.26666666666666666, 0.5, 0.4666666666666667, 0.4666666666666667, 0.4, 0.4666666666666667, 0.5, 0.7, 0.4666666666666667, 0.5, 0.5333333333333333, 0.5333333333333333, 0.43333333333333335]
			Mean: 0.4794871794871795
		F1s: [0.25029761904761905, 0.5123384253819037, 0.4595238095238095, 0.4666666666666666, 0.4150000000000001, 0.4296296296296296, 0.49158249158249157, 0.692929292929293, 0.4, 0.49142857142857144, 0.42196969696969694, 0.37101449275362325, 0.3912380952380952]
			Mean: 0.4456629839347231
		Accuracies: [0.26666666666666666, 0.5, 0.4666666666666667, 0.4666666666666667, 0.4, 0.4666666666666667, 0.5, 0.7, 0.4666666666666667, 0.5, 0.5333333333333333, 0.5333333333333333, 0.43333333333333335]
			Mean: 0.4794871794871795

	Lag = 7
		Precisions: [0.6, 0.5555555555555555, 0.41242236024844725, 0.24799999999999997, 0.4666666666666667, 0.3654320987654321, 0.4708333333333333, 0.5566666666666666, 0.4074074074074074, 0.6338118022328548, 0.27586206896551724, 0.26666666666666666, 0.6716666666666667]
			Mean: 0.4562300994750164
		Recalls: [0.6, 0.6, 0.4, 0.3, 0.4666666666666667, 0.4, 0.4666666666666667, 0.5666666666666667, 0.4666666666666667, 0.6333333333333333, 0.5, 0.4666666666666667, 0.5666666666666667]
			Mean: 0.4948717948717949
		F1s: [0.6, 0.5681818181818181, 0.35833333333333334, 0.22514688601645125, 0.4666666666666667, 0.295, 0.4666666666666667, 0.5559733646690168, 0.36507936507936506, 0.6270476190476191, 0.35555555555555557, 0.3393939393939394, 0.5623285131627734]
			Mean: 0.4450287482902465
		Accuracies: [0.6, 0.6, 0.4, 0.3, 0.4666666666666667, 0.4, 0.4666666666666667, 0.5666666666666667, 0.4666666666666667, 0.6333333333333333, 0.5, 0.4666666666666667, 0.5666666666666667]
			Mean: 0.4948717948717949

	Lag = 8
		Precisions: [0.3401785714285714, 0.49333333333333335, 0.5422222222222222, 0.6285714285714286, 0.5925925925925927, 0.46060606060606063, 0.57526395173454, 0.45582137161084535, 0.3923444976076555, 0.5242424242424242, 0.5786666666666667, 0.28444444444444444, 0.47407407407407404]
			Mean: 0.48787397224114293
		Recalls: [0.3, 0.5666666666666667, 0.5333333333333333, 0.6, 0.6666666666666666, 0.43333333333333335, 0.5666666666666667, 0.4666666666666667, 0.4, 0.5333333333333333, 0.5666666666666667, 0.5333333333333333, 0.4]
			Mean: 0.5051282051282051
		F1s: [0.3117845117845118, 0.5185185185185186, 0.5354166666666667, 0.6035714285714288, 0.6041666666666666, 0.40419047619047616, 0.5652206154987023, 0.4592592592592592, 0.3891402714932127, 0.5065390749601275, 0.5115960633290544, 0.37101449275362325, 0.3866071428571428]
			Mean: 0.4743865529653378
		Accuracies: [0.3, 0.5666666666666667, 0.5333333333333333, 0.6, 0.6666666666666666, 0.43333333333333335, 0.5666666666666667, 0.4666666666666667, 0.4, 0.5333333333333333, 0.5666666666666667, 0.5333333333333333, 0.4]
			Mean: 0.5051282051282051

	Lag = 9
		Precisions: [0.7493333333333333, 0.5300207039337475, 0.6283333333333334, 0.7049773755656108, 0.475, 0.41333333333333333, 0.33630952380952384, 0.5133928571428571, 0.4074074074074074, 0.3518341307814992, 0.5205128205128206, 0.5205128205128206]
			Mean: 0.5125806366388572
		Recalls: [0.7333333333333333, 0.5666666666666667, 0.6333333333333333, 0.7, 0.6333333333333333, 0.43333333333333335, 0.3333333333333333, 0.5, 0.4666666666666667, 0.36666666666666664, 0.5333333333333333, 0.5333333333333333]
			Mean: 0.5361111111111111
		F1s: [0.7015151515151515, 0.543547651618787, 0.6242851547199374, 0.7017142857142856, 0.5428571428571428, 0.41934978456717587, 0.3333333333333333, 0.5016685205784205, 0.36507936507936506, 0.35580952380952374, 0.4592592592592593, 0.4592592592592593]
			Mean: 0.5006398693593035
		Accuracies: [0.7333333333333333, 0.5666666666666667, 0.6333333333333333, 0.7, 0.6333333333333333, 0.43333333333333335, 0.3333333333333333, 0.5, 0.4666666666666667, 0.36666666666666664, 0.5333333333333333, 0.5333333333333333]
			Mean: 0.5361111111111111

	Lag = 10
		Precisions: [0.5508295625942685, 0.5192307692307693, 0.5942583732057416, 0.44, 0.5596153846153846, 0.45666666666666667, 0.3333333333333333, 0.3, 0.4660633484162896, 0.3590909090909091, 0.7609195402298851, 0.48677248677248675]
			Mean: 0.4855650311796446
		Recalls: [0.5333333333333333, 0.6, 0.6, 0.4, 0.6333333333333333, 0.43333333333333335, 0.3333333333333333, 0.3, 0.4666666666666667, 0.4, 0.5666666666666667, 0.5]
			Mean: 0.48055555555555557
		F1s: [0.5398148148148149, 0.5403726708074534, 0.5944444444444444, 0.3892857142857143, 0.5823240589198037, 0.4199775533108866, 0.32738095238095244, 0.2835016835016836, 0.46428571428571425, 0.36555023923444974, 0.44148148148148153, 0.4794359576968273]
			Mean: 0.4523212737636855
		Accuracies: [0.5333333333333333, 0.6, 0.6, 0.4, 0.6333333333333333, 0.43333333333333335, 0.3333333333333333, 0.3, 0.4666666666666667, 0.4, 0.5666666666666667, 0.5]
			Mean: 0.48055555555555557

	Lag = 11
		Precisions: [0.612797619047619, 0.43678160919540227, 0.5708333333333333, 0.5333333333333333, 0.49, 0.5658692185007974, 0.5296296296296297, 0.41722488038277505, 0.7678571428571428, 0.4222222222222222, 0.7719696969696969, 0.6576923076923077]
			Mean: 0.5646842494303549
		Recalls: [0.5666666666666667, 0.6333333333333333, 0.5666666666666667, 0.5333333333333333, 0.7, 0.5333333333333333, 0.5333333333333333, 0.4, 0.5666666666666667, 0.4666666666666667, 0.7333333333333333, 0.6]
			Mean: 0.5694444444444444
		F1s: [0.5739618406285073, 0.5170068027210885, 0.5681257014590348, 0.5333333333333333, 0.5764705882352941, 0.5270833333333333, 0.5291101055806938, 0.3919642857142857, 0.46648426812585503, 0.41333333333333333, 0.7180223285486443, 0.5365079365079365]
			Mean: 0.5292836547934451
		Accuracies: [0.5666666666666667, 0.6333333333333333, 0.5666666666666667, 0.5333333333333333, 0.7, 0.5333333333333333, 0.5333333333333333, 0.4, 0.5666666666666667, 0.4666666666666667, 0.7333333333333333, 0.6]
			Mean: 0.5694444444444444

	Lag = 12
		Precisions: [0.5894419306184012, 0.5192307692307693, 0.5231481481481483, 0.52, 0.448, 0.5763888888888888, 0.5380952380952381, 0.7678571428571428, 0.36111111111111105, 0.39259259259259255, 0.5681159420289854, 0.28444444444444444]
			Mean: 0.5073688506679768
		Recalls: [0.5333333333333333, 0.6, 0.5, 0.43333333333333335, 0.5333333333333333, 0.5, 0.5333333333333333, 0.5, 0.36666666666666664, 0.4, 0.5666666666666667, 0.5333333333333333]
			Mean: 0.49999999999999994
		F1s: [0.5395833333333333, 0.5403726708074534, 0.49721913236929927, 0.37273795534665105, 0.4869565217391304, 0.45475910693301996, 0.5333333333333333, 0.3940949935815148, 0.36026936026936035, 0.3945701357466064, 0.5333333333333333, 0.37101449275362325]
			Mean: 0.45652036412888836
		Accuracies: [0.5333333333333333, 0.6, 0.5, 0.43333333333333335, 0.5333333333333333, 0.5, 0.5333333333333333, 0.5, 0.36666666666666664, 0.4, 0.5666666666666667, 0.5333333333333333]
			Mean: 0.49999999999999994

	Lag = 13
		Precisions: [0.6149920255183413, 0.7931034482758622, 0.6416666666666667, 0.6, 0.624, 0.49537037037037035, 0.5119617224880383, 0.3782738095238095, 0.26666666666666666, 0.44166666666666665, 0.5190476190476191, 0.43209876543209874]
			Mean: 0.526570646721345
		Recalls: [0.5333333333333333, 0.7, 0.5666666666666667, 0.6, 0.6666666666666666, 0.5, 0.5, 0.36666666666666664, 0.26666666666666666, 0.4666666666666667, 0.5333333333333333, 0.5]
			Mean: 0.5166666666666667
		F1s: [0.5333333333333333, 0.6048237476808905, 0.5443809523809524, 0.6, 0.6335403726708075, 0.49714285714285716, 0.49158249158249157, 0.3687801260659993, 0.26666666666666666, 0.4360446570972887, 0.42196969696969694, 0.40218878248974005]
			Mean: 0.4833711403400603
		Accuracies: [0.5333333333333333, 0.7, 0.5666666666666667, 0.6, 0.6666666666666666, 0.5, 0.5, 0.36666666666666664, 0.26666666666666666, 0.4666666666666667, 0.5333333333333333, 0.5]
			Mean: 0.5166666666666667

Results for 'transactions' bitcoin estimating probabilities on 'count' mode:
	Lag = 1
		Precisions: [0.5802469135802468, 0.6888888888888889, 0.425, 0.453416149068323, 0.43555555555555553, 0.826086956521739, 0.38333333333333336, 0.540530303030303, 0.6923076923076923, 0.4803571428571428, 0.4305555555555555, 0.4835595776772247, 0.46111111111111114]
			Mean: 0.5293037830374705
		Recalls: [0.5, 0.6333333333333333, 0.43333333333333335, 0.5, 0.43333333333333335, 0.7333333333333333, 0.4666666666666667, 0.5666666666666667, 0.6666666666666666, 0.4666666666666667, 0.43333333333333335, 0.4666666666666667, 0.4666666666666667]
			Mean: 0.5205128205128206
		F1s: [0.4082156611039795, 0.6438095238095239, 0.4171428571428572, 0.47332421340629266, 0.4339636633296255, 0.7129186602870814, 0.382010582010582, 0.5483097988874626, 0.6136363636363635, 0.47149321266968325, 0.4276094276094276, 0.4666666666666667, 0.4618401206636501]
			Mean: 0.49699544240178434
		Accuracies: [0.5, 0.6333333333333333, 0.43333333333333335, 0.5, 0.43333333333333335, 0.7333333333333333, 0.4666666666666667, 0.5666666666666667, 0.6666666666666666, 0.4666666666666667, 0.43333333333333335, 0.4666666666666667, 0.4666666666666667]
			Mean: 0.5205128205128206

	Lag = 2
		Precisions: [0.46111111111111114, 0.6212121212121212, 0.4305555555555555, 0.5555555555555555, 0.563317384370016, 0.35, 0.7714285714285715, 0.4305555555555556, 0.5492063492063491, 0.6733031674208144, 0.33031674208144796, 0.49537037037037035, 0.4037037037037037]
			Mean: 0.5104335528900901
		Recalls: [0.4666666666666667, 0.4666666666666667, 0.43333333333333335, 0.5666666666666667, 0.5666666666666667, 0.36666666666666664, 0.6, 0.5, 0.5666666666666667, 0.6333333333333333, 0.3333333333333333, 0.5, 0.4]
			Mean: 0.4923076923076923
		F1s: [0.4618401206636501, 0.45238095238095233, 0.4276094276094276, 0.5605477107402652, 0.5592380952380952, 0.3485714285714286, 0.5045454545454545, 0.4555403556771546, 0.5523809523809524, 0.635372636262514, 0.33035714285714296, 0.49714285714285716, 0.3946428571428572]
			Mean: 0.47539769163175016
		Accuracies: [0.4666666666666667, 0.4666666666666667, 0.43333333333333335, 0.5666666666666667, 0.5666666666666667, 0.36666666666666664, 0.6, 0.5, 0.5666666666666667, 0.6333333333333333, 0.3333333333333333, 0.5, 0.4]
			Mean: 0.4923076923076923

	Lag = 3
		Precisions: [0.43891547049441787, 0.48148148148148157, 0.4, 0.7285067873303166, 0.5266666666666667, 0.5339366515837104, 0.4640000000000001, 0.5974358974358974, 0.52, 0.44545454545454544, 0.5, 0.5472222222222223, 0.6851851851851852]
			Mean: 0.5283696082964956
		Recalls: [0.43333333333333335, 0.4, 0.4, 0.7, 0.5333333333333333, 0.5333333333333333, 0.5, 0.6333333333333333, 0.5, 0.4, 0.5, 0.5666666666666667, 0.6666666666666666]
			Mean: 0.5205128205128206
		F1s: [0.4237934904601571, 0.4107142857142857, 0.4000000000000001, 0.707403055229142, 0.5203703703703704, 0.53125, 0.43645699614890887, 0.5762962962962963, 0.505050505050505, 0.3728506787330316, 0.49944382647385993, 0.5238339751818571, 0.6636904761904763]
			Mean: 0.5054733812191454
		Accuracies: [0.43333333333333335, 0.4, 0.4, 0.7, 0.5333333333333333, 0.5333333333333333, 0.5, 0.6333333333333333, 0.5, 0.4, 0.5, 0.5666666666666667, 0.6666666666666666]
			Mean: 0.5205128205128206

	Lag = 4
		Precisions: [0.6693333333333334, 0.5555555555555555, 0.5694444444444445, 0.6696428571428572, 0.44166666666666665, 0.425, 0.5190476190476191, 0.49, 0.5900000000000001, 0.52, 0.5694444444444445, 0.5250398724082934, 0.6355555555555555]
			Mean: 0.552286949892213
		Recalls: [0.5666666666666667, 0.43333333333333335, 0.5666666666666667, 0.6, 0.4666666666666667, 0.43333333333333335, 0.5333333333333333, 0.5, 0.6, 0.5, 0.5666666666666667, 0.5333333333333333, 0.6333333333333333]
			Mean: 0.5333333333333332
		F1s: [0.5142857142857142, 0.4263997033741194, 0.5622895622895623, 0.6108597285067873, 0.4360446570972887, 0.4171428571428572, 0.42196969696969694, 0.4945054945054945, 0.5923444976076555, 0.505050505050505, 0.5622895622895623, 0.5268518518518519, 0.6337411939191694]
			Mean: 0.5156750019146357
		Accuracies: [0.5666666666666667, 0.43333333333333335, 0.5666666666666667, 0.6, 0.4666666666666667, 0.43333333333333335, 0.5333333333333333, 0.5, 0.6, 0.5, 0.5666666666666667, 0.5333333333333333, 0.6333333333333333]
			Mean: 0.5333333333333332

	Lag = 5
		Precisions: [0.5888888888888888, 0.4305555555555556, 0.6076555023923444, 0.5555555555555555, 0.6412698412698412, 0.4603174603174603, 0.7714285714285715, 0.5508295625942685, 0.48333333333333334, 0.4642533936651584, 0.6018099547511312, 0.5422222222222222, 0.5067873303167421]
			Mean: 0.5542236286377749
		Recalls: [0.5333333333333333, 0.3333333333333333, 0.6, 0.5333333333333333, 0.6333333333333333, 0.4666666666666667, 0.6, 0.5333333333333333, 0.5333333333333333, 0.43333333333333335, 0.6, 0.5333333333333333, 0.5]
			Mean: 0.5256410256410257
		F1s: [0.4886762360446571, 0.2911010558069381, 0.5927601809954751, 0.5422647527910686, 0.61825303564434, 0.44444444444444453, 0.5045454545454545, 0.5398148148148149, 0.4888888888888889, 0.4364849833147942, 0.5982142857142858, 0.5354166666666667, 0.49833147942157957]
			Mean: 0.5060920214687237
		Accuracies: [0.5333333333333333, 0.3333333333333333, 0.6, 0.5333333333333333, 0.6333333333333333, 0.4666666666666667, 0.6, 0.5333333333333333, 0.5333333333333333, 0.43333333333333335, 0.6, 0.5333333333333333, 0.5]
			Mean: 0.5256410256410257

	Lag = 6
		Precisions: [0.3722222222222223, 0.5555555555555555, 0.5333333333333333, 0.7209653092006033, 0.5185185185185185, 0.4074074074074074, 0.6576923076923077, 0.5446428571428572, 0.5045454545454545, 0.6389140271493213, 0.44, 0.48500000000000004, 0.6053571428571428]
			Mean: 0.5372426258172865
		Recalls: [0.4, 0.5, 0.5333333333333333, 0.6333333333333333, 0.5, 0.4666666666666667, 0.6, 0.5, 0.5333333333333333, 0.6333333333333333, 0.4666666666666667, 0.5, 0.6]
			Mean: 0.5282051282051281
		F1s: [0.34258373205741627, 0.5142857142857143, 0.5333333333333333, 0.6419753086419754, 0.4799999999999999, 0.36507936507936506, 0.5365079365079365, 0.5084175084175084, 0.51, 0.6354285714285713, 0.4, 0.48766157461809634, 0.6000000000000001]
			Mean: 0.5042517726438398
		Accuracies: [0.4, 0.5, 0.5333333333333333, 0.6333333333333333, 0.5, 0.4666666666666667, 0.6, 0.5, 0.5333333333333333, 0.6333333333333333, 0.4666666666666667, 0.5, 0.6]
			Mean: 0.5282051282051281

	Lag = 7
		Precisions: [0.4037037037037037, 0.579185520361991, 0.46411483253588515, 0.46428571428571425, 0.5067873303167421, 0.546583850931677, 0.4222222222222222, 0.6950000000000001, 0.575, 0.5464285714285714, 0.4660633484162896, 0.5915343915343916, 0.57526395173454]
			Mean: 0.525859495190133
		Recalls: [0.4, 0.5, 0.4666666666666667, 0.4, 0.5, 0.5333333333333333, 0.4666666666666667, 0.7, 0.6, 0.5333333333333333, 0.4666666666666667, 0.6, 0.5666666666666667]
			Mean: 0.5179487179487179
		F1s: [0.3946428571428572, 0.5117845117845118, 0.45701357466063347, 0.416289592760181, 0.49833147942157957, 0.4976076555023924, 0.41333333333333333, 0.6967032967032966, 0.5619047619047619, 0.5375565610859728, 0.46428571428571425, 0.584688995215311, 0.5652206154987023]
			Mean: 0.5076433037922499
		Accuracies: [0.4, 0.5, 0.4666666666666667, 0.4, 0.5, 0.5333333333333333, 0.4666666666666667, 0.7, 0.6, 0.5333333333333333, 0.4666666666666667, 0.6, 0.5666666666666667]
			Mean: 0.5179487179487179

	Lag = 8
		Precisions: [0.3658692185007974, 0.4305555555555556, 0.4305555555555555, 0.5075757575757576, 0.497737556561086, 0.1875, 0.5205128205128206, 0.552, 0.4666666666666667, 0.5386363636363637, 0.5, 0.4380952380952381, 0.5119617224880383]
			Mean: 0.45751280424214463
		Recalls: [0.36666666666666664, 0.3333333333333333, 0.43333333333333335, 0.5333333333333333, 0.5, 0.3, 0.5333333333333333, 0.6, 0.4666666666666667, 0.4666666666666667, 0.5, 0.43333333333333335, 0.5]
			Mean: 0.458974358974359
		F1s: [0.3560044893378226, 0.2911010558069381, 0.4276094276094276, 0.5185185185185185, 0.4983164983164984, 0.23076923076923075, 0.4592592592592593, 0.5522727272727272, 0.4666666666666667, 0.4425339366515837, 0.4949494949494949, 0.43524130190796856, 0.49158249158249157]
			Mean: 0.4357557768191252
		Accuracies: [0.36666666666666664, 0.3333333333333333, 0.43333333333333335, 0.5333333333333333, 0.5, 0.3, 0.5333333333333333, 0.6, 0.4666666666666667, 0.4666666666666667, 0.5, 0.43333333333333335, 0.5]
			Mean: 0.458974358974359

	Lag = 9
		Precisions: [0.63, 0.4824016563146998, 0.4305555555555555, 0.6066252587991718, 0.5681159420289854, 0.30158730158730157, 0.5786666666666667, 0.4814102564102564, 0.45341614906832295, 0.6533333333333334, 0.5669642857142857, 0.45582137161084535]
			Mean: 0.5174081480907854
		Recalls: [0.6, 0.36666666666666664, 0.43333333333333335, 0.6333333333333333, 0.5666666666666667, 0.3333333333333333, 0.5666666666666667, 0.5666666666666667, 0.5, 0.6333333333333333, 0.5666666666666667, 0.4666666666666667]
			Mean: 0.5194444444444444
		F1s: [0.5891402714932127, 0.33894500561167235, 0.4276094276094276, 0.6137710898312814, 0.5333333333333333, 0.3055555555555555, 0.5115960633290544, 0.49925925925925924, 0.46469833119383824, 0.6370370370370371, 0.5661846496106785, 0.4592592592592592]
			Mean: 0.49553244026030074
		Accuracies: [0.6, 0.36666666666666664, 0.43333333333333335, 0.6333333333333333, 0.5666666666666667, 0.3333333333333333, 0.5666666666666667, 0.5666666666666667, 0.5, 0.6333333333333333, 0.5666666666666667, 0.4666666666666667]
			Mean: 0.5194444444444444

	Lag = 10
		Precisions: [0.63, 0.5555555555555555, 0.7333333333333333, 0.7285067873303166, 0.5296296296296297, 0.4603174603174603, 0.4782608695652174, 0.46590909090909094, 0.5366459627329192, 0.5866666666666667, 0.5, 0.5708333333333333]
			Mean: 0.5646382241144603
		Recalls: [0.6, 0.5, 0.7333333333333333, 0.7, 0.5333333333333333, 0.4666666666666667, 0.5, 0.5, 0.5666666666666667, 0.5666666666666667, 0.5, 0.5666666666666667]
			Mean: 0.561111111111111
		F1s: [0.5891402714932127, 0.5142857142857143, 0.7333333333333333, 0.707403055229142, 0.5291101055806938, 0.44444444444444453, 0.4615384615384615, 0.478818998716303, 0.5360718870346599, 0.5710437710437709, 0.49944382647385993, 0.5681257014590348]
			Mean: 0.5527299642193859
		Accuracies: [0.6, 0.5, 0.7333333333333333, 0.7, 0.5333333333333333, 0.4666666666666667, 0.5, 0.5, 0.5666666666666667, 0.5666666666666667, 0.5, 0.5666666666666667]
			Mean: 0.561111111111111

	Lag = 11
		Precisions: [0.5279503105590062, 0.7816091954022988, 0.6, 0.773524720893142, 0.5242424242424242, 0.4305555555555555, 0.5205128205128206, 0.6501035196687371, 0.4160000000000001, 0.6533333333333334, 0.5669642857142857, 0.6790890269151139]
			Mean: 0.5936570993997264
		Recalls: [0.5, 0.36666666666666664, 0.6, 0.7666666666666667, 0.5333333333333333, 0.43333333333333335, 0.5333333333333333, 0.6666666666666666, 0.5, 0.6333333333333333, 0.5666666666666667, 0.6666666666666666]
			Mean: 0.5638888888888889
		F1s: [0.46298472385428907, 0.23443223443223443, 0.6, 0.769230769230769, 0.5065390749601275, 0.4276094276094276, 0.4592592592592593, 0.6455026455026456, 0.43775649794801647, 0.6370370370370371, 0.5661846496106785, 0.6416666666666667]
			Mean: 0.5323502488425959
		Accuracies: [0.5, 0.36666666666666664, 0.6, 0.7666666666666667, 0.5333333333333333, 0.43333333333333335, 0.5333333333333333, 0.6666666666666666, 0.5, 0.6333333333333333, 0.5666666666666667, 0.6666666666666666]
			Mean: 0.5638888888888889

	Lag = 12
		Precisions: [0.5666666666666667, 0.36000000000000004, 0.7375565610859728, 0.4513556618819777, 0.5266666666666667, 0.7777777777777779, 0.43209876543209874, 0.5180555555555555, 0.42488038277511964, 0.5339366515837104, 0.6339285714285715, 0.7160714285714286]
			Mean: 0.5565828907854621
		Recalls: [0.5333333333333333, 0.3, 0.7333333333333333, 0.36666666666666664, 0.5333333333333333, 0.6, 0.5, 0.5666666666666667, 0.43333333333333335, 0.5, 0.6333333333333333, 0.7]
			Mean: 0.5333333333333333
		F1s: [0.5074074074074075, 0.24000000000000005, 0.7321428571428572, 0.3730070448646644, 0.5203703703703704, 0.5238095238095238, 0.40218878248974005, 0.5281349749202007, 0.42867215041128076, 0.5027808676307008, 0.6329254727474972, 0.7010011123470522]
			Mean: 0.507703380345108
		Accuracies: [0.5333333333333333, 0.3, 0.7333333333333333, 0.36666666666666664, 0.5333333333333333, 0.6, 0.5, 0.5666666666666667, 0.43333333333333335, 0.5, 0.6333333333333333, 0.7]
			Mean: 0.5333333333333333

	Lag = 13
		Precisions: [0.47407407407407404, 0.5119617224880383, 0.43303571428571425, 0.6222222222222221, 0.6995475113122172, 0.546583850931677, 0.26666666666666666, 0.616289592760181, 0.47619047619047616, 0.6389140271493213, 0.4305555555555555, 0.3555555555555555]
			Mean: 0.5059664140993082
		Recalls: [0.4666666666666667, 0.5, 0.43333333333333335, 0.5666666666666667, 0.7, 0.5333333333333333, 0.4666666666666667, 0.6, 0.5, 0.6333333333333333, 0.43333333333333335, 0.43333333333333335]
			Mean: 0.5222222222222223
		F1s: [0.46190476190476193, 0.5054945054945055, 0.43270300333704115, 0.579047619047619, 0.6989898989898989, 0.4976076555023924, 0.3393939393939394, 0.6055555555555556, 0.48351648351648346, 0.6354285714285713, 0.4276094276094276, 0.37732135216089]
			Mean: 0.5037143978284239
		Accuracies: [0.4666666666666667, 0.5, 0.43333333333333335, 0.5666666666666667, 0.7, 0.5333333333333333, 0.4666666666666667, 0.6, 0.5, 0.6333333333333333, 0.43333333333333335, 0.43333333333333335]
			Mean: 0.5222222222222223

Results for 'transactions' bitcoin estimating probabilities on 'paper' mode:
	Lag = 1
		Precisions: [0.4037037037037037, 0.579185520361991, 0.6397515527950312, 0.4666666666666667, 0.6338118022328548, 0.2413793103448276, 0.23466666666666666, 0.6501035196687371, 0.48333333333333334, 0.4533333333333333, 0.44, 0.3453996983408748, 0.5333333333333333]
			Mean: 0.46958988006010405
		Recalls: [0.4, 0.5, 0.6, 0.4666666666666667, 0.6333333333333333, 0.4666666666666667, 0.36666666666666664, 0.6666666666666666, 0.5333333333333333, 0.43333333333333335, 0.4666666666666667, 0.3333333333333333, 0.5333333333333333]
			Mean: 0.4923076923076923
		F1s: [0.3946428571428572, 0.5117845117845118, 0.569377990430622, 0.4666666666666667, 0.6270476190476191, 0.3181818181818182, 0.2861788617886179, 0.6455026455026456, 0.4888888888888889, 0.43905723905723903, 0.4, 0.3333333333333333, 0.5333333333333333]
			Mean: 0.46261505885831944
		Accuracies: [0.4, 0.5, 0.6, 0.4666666666666667, 0.6333333333333333, 0.4666666666666667, 0.36666666666666664, 0.6666666666666666, 0.5333333333333333, 0.43333333333333335, 0.4666666666666667, 0.3333333333333333, 0.5333333333333333]
			Mean: 0.4923076923076923

	Lag = 2
		Precisions: [0.4805555555555555, 0.5921325051759835, 0.56, 0.5795454545454545, 0.4666666666666667, 0.23214285714285715, 0.45333333333333337, 0.4305555555555556, 0.48333333333333334, 0.7446428571428572, 0.35, 0.49154704944178623, 0.6437405731523379]
			Mean: 0.5006304416189017
		Recalls: [0.4666666666666667, 0.43333333333333335, 0.5333333333333333, 0.6, 0.4666666666666667, 0.43333333333333335, 0.4666666666666667, 0.5, 0.5333333333333333, 0.7333333333333333, 0.36666666666666664, 0.4666666666666667, 0.6333333333333333]
			Mean: 0.5102564102564102
		F1s: [0.4156299840510366, 0.4085297418630752, 0.475, 0.5873015873015873, 0.4666666666666667, 0.3023255813953488, 0.45185185185185184, 0.4555403556771546, 0.4888888888888889, 0.7357466063348416, 0.3485714285714286, 0.4595238095238095, 0.6321097515758249]
			Mean: 0.4790527887462704
		Accuracies: [0.4666666666666667, 0.43333333333333335, 0.5333333333333333, 0.6, 0.4666666666666667, 0.43333333333333335, 0.4666666666666667, 0.5, 0.5333333333333333, 0.7333333333333333, 0.36666666666666664, 0.4666666666666667, 0.6333333333333333]
			Mean: 0.5102564102564102

	Lag = 3
		Precisions: [0.5850079744816588, 0.75, 0.3557692307692308, 0.5339366515837104, 0.6412698412698412, 0.7777777777777779, 0.7609195402298851, 0.616289592760181, 0.52, 0.5866666666666667, 0.638888888888889, 0.6, 0.5333333333333333]
			Mean: 0.6076814998277826
		Recalls: [0.5666666666666667, 0.6, 0.43333333333333335, 0.5, 0.6333333333333333, 0.6, 0.5666666666666667, 0.6, 0.5333333333333333, 0.5666666666666667, 0.6333333333333333, 0.6, 0.5333333333333333]
			Mean: 0.5666666666666665
		F1s: [0.5593714927048261, 0.6, 0.34531450577663675, 0.5123384253819037, 0.61825303564434, 0.5238095238095238, 0.44148148148148153, 0.6055555555555556, 0.5244019138755981, 0.5710437710437709, 0.6296296296296297, 0.6, 0.5333333333333333]
			Mean: 0.5434255898643537
		Accuracies: [0.5666666666666667, 0.6, 0.43333333333333335, 0.5, 0.6333333333333333, 0.6, 0.5666666666666667, 0.6, 0.5333333333333333, 0.5666666666666667, 0.6333333333333333, 0.6, 0.5333333333333333]
			Mean: 0.5666666666666665

	Lag = 4
		Precisions: [0.5888888888888888, 0.4824016563146998, 0.425, 0.5555555555555555, 0.5185185185185185, 0.5, 0.3222222222222222, 0.5904761904761905, 0.3428571428571428, 0.6125, 0.43303571428571425, 0.5515151515151515, 0.4035714285714286]
			Mean: 0.48665711301580866
		Recalls: [0.5333333333333333, 0.36666666666666664, 0.43333333333333335, 0.5333333333333333, 0.5, 0.5, 0.4, 0.6333333333333333, 0.5333333333333333, 0.6, 0.43333333333333335, 0.5666666666666667, 0.4]
			Mean: 0.4948717948717949
		F1s: [0.4886762360446571, 0.33894500561167235, 0.4171428571428572, 0.5422647527910686, 0.4799999999999999, 0.49944382647385993, 0.33999999999999997, 0.5415166393889799, 0.41739130434782606, 0.6036199095022624, 0.43270300333704115, 0.5428571428571428, 0.4]
			Mean: 0.4649662059613359
		Accuracies: [0.5333333333333333, 0.36666666666666664, 0.43333333333333335, 0.5333333333333333, 0.5, 0.5, 0.4, 0.6333333333333333, 0.5333333333333333, 0.6, 0.43333333333333335, 0.5666666666666667, 0.4]
			Mean: 0.4948717948717949

	Lag = 5
		Precisions: [0.5185185185185185, 0.5921325051759835, 0.546583850931677, 0.5300207039337475, 0.5650075414781297, 0.3958333333333333, 0.5242424242424242, 0.6560846560846562, 0.5728506787330317, 0.4666666666666667, 0.638888888888889, 0.5333333333333333, 0.4037037037037037]
			Mean: 0.5341436003864687
		Recalls: [0.5, 0.43333333333333335, 0.5333333333333333, 0.5666666666666667, 0.5666666666666667, 0.43333333333333335, 0.5333333333333333, 0.6666666666666666, 0.5666666666666667, 0.4666666666666667, 0.6333333333333333, 0.5333333333333333, 0.4]
			Mean: 0.5256410256410257
		F1s: [0.4799999999999999, 0.4085297418630752, 0.4976076555023924, 0.543547651618787, 0.5652076318742986, 0.3772893772893772, 0.5065390749601275, 0.6583333333333333, 0.5691428571428573, 0.4666666666666667, 0.6296296296296297, 0.5333333333333333, 0.3946428571428572]
			Mean: 0.5100361392582105
		Accuracies: [0.5, 0.43333333333333335, 0.5333333333333333, 0.5666666666666667, 0.5666666666666667, 0.43333333333333335, 0.5333333333333333, 0.6666666666666666, 0.5666666666666667, 0.4666666666666667, 0.6333333333333333, 0.5333333333333333, 0.4]
			Mean: 0.5256410256410257

	Lag = 6
		Precisions: [0.5666666666666667, 0.6455026455026455, 0.45341614906832295, 0.5119617224880383, 0.48677248677248675, 0.3981900452488688, 0.26666666666666666, 0.5142857142857143, 0.6, 0.6285714285714286, 0.32954545454545453, 0.580952380952381, 0.6148148148148148]
			Mean: 0.507488167352576
		Recalls: [0.5333333333333333, 0.5, 0.4666666666666667, 0.5, 0.5, 0.4, 0.4666666666666667, 0.5333333333333333, 0.6, 0.6, 0.36666666666666664, 0.5666666666666667, 0.6]
			Mean: 0.5102564102564101
		F1s: [0.5074074074074075, 0.49388209121245824, 0.4258373205741627, 0.5054945054945055, 0.4794359576968273, 0.39732142857142855, 0.3393939393939394, 0.5216666666666667, 0.6, 0.6035714285714288, 0.3301997649823737, 0.5681127178346311, 0.5964285714285715]
			Mean: 0.4899039846026462
		Accuracies: [0.5333333333333333, 0.5, 0.4666666666666667, 0.5, 0.5, 0.4, 0.4666666666666667, 0.5333333333333333, 0.6, 0.6, 0.36666666666666664, 0.5666666666666667, 0.6]
			Mean: 0.5102564102564101

	Lag = 7
		Precisions: [0.5444444444444445, 0.6212121212121212, 0.3923444976076555, 0.5555555555555555, 0.5296296296296297, 0.5, 0.6933333333333334, 0.5648148148148148, 0.575, 0.4142857142857143, 0.5, 0.41447963800904986, 0.6545454545454545]
			Mean: 0.5353573233413672
		Recalls: [0.5333333333333333, 0.4666666666666667, 0.4, 0.5333333333333333, 0.5333333333333333, 0.5, 0.6333333333333333, 0.5, 0.6, 0.4, 0.5, 0.4, 0.6]
			Mean: 0.5076923076923077
		F1s: [0.5291666666666667, 0.45238095238095233, 0.3891402714932127, 0.5422647527910686, 0.5291101055806938, 0.38440492476060195, 0.5867351305091998, 0.5038932146829811, 0.5619047619047619, 0.40542986425339367, 0.4949494949494949, 0.40000000000000013, 0.5777777777777777]
			Mean: 0.4890121475192927
		Accuracies: [0.5333333333333333, 0.4666666666666667, 0.4, 0.5333333333333333, 0.5333333333333333, 0.5, 0.6333333333333333, 0.5, 0.6, 0.4, 0.5, 0.4, 0.6]
			Mean: 0.5076923076923077

	Lag = 8
		Precisions: [0.3555555555555555, 0.5555555555555555, 0.36111111111111105, 0.5866666666666667, 0.5296296296296297, 0.45341614906832295, 0.5205128205128206, 0.5701863354037268, 0.52, 0.5339366515837104, 0.29910714285714285, 0.562962962962963, 0.5444444444444445]
			Mean: 0.49177577118089616
		Recalls: [0.36666666666666664, 0.36666666666666664, 0.36666666666666664, 0.6333333333333333, 0.5333333333333333, 0.4666666666666667, 0.5333333333333333, 0.6, 0.5666666666666667, 0.5, 0.3, 0.5666666666666667, 0.5333333333333333]
			Mean: 0.48717948717948717
		F1s: [0.34133333333333327, 0.2781041911476694, 0.36026936026936035, 0.5925925925925927, 0.5291101055806938, 0.4258373205741627, 0.4592592592592593, 0.5746031746031746, 0.5127222982216143, 0.5027808676307008, 0.2992213570634038, 0.5641904761904761, 0.5291666666666667]
			Mean: 0.4591685387025468
		Accuracies: [0.36666666666666664, 0.36666666666666664, 0.36666666666666664, 0.6333333333333333, 0.5333333333333333, 0.4666666666666667, 0.5333333333333333, 0.6, 0.5666666666666667, 0.5, 0.3, 0.5666666666666667, 0.5333333333333333]
			Mean: 0.48717948717948717

	Lag = 9
		Precisions: [0.4805555555555555, 0.5555555555555555, 0.36111111111111105, 0.380952380952381, 0.5266666666666667, 0.546583850931677, 0.5190476190476191, 0.575, 0.38, 0.5464285714285714, 0.65, 0.5044642857142857]
			Mean: 0.5021971330802854
		Recalls: [0.4666666666666667, 0.36666666666666664, 0.36666666666666664, 0.3333333333333333, 0.5333333333333333, 0.5333333333333333, 0.5333333333333333, 0.5666666666666667, 0.4, 0.5333333333333333, 0.6333333333333333, 0.5]
			Mean: 0.4805555555555556
		F1s: [0.4156299840510366, 0.2781041911476694, 0.36026936026936035, 0.35185185185185186, 0.5203703703703704, 0.4976076555023924, 0.42196969696969694, 0.5702311006658831, 0.3885167464114832, 0.5375565610859728, 0.6228571428571429, 0.5016835016835017]
			Mean: 0.4555540135721969
		Accuracies: [0.4666666666666667, 0.36666666666666664, 0.36666666666666664, 0.3333333333333333, 0.5333333333333333, 0.5333333333333333, 0.5333333333333333, 0.5666666666666667, 0.4, 0.5333333333333333, 0.6333333333333333, 0.5]
			Mean: 0.4805555555555556

	Lag = 10
		Precisions: [0.6814814814814815, 0.4404761904761905, 0.5358851674641147, 0.6066252587991718, 0.4666666666666667, 0.7083333333333334, 0.5222222222222223, 0.5333333333333333, 0.7857142857142858, 0.49282296650717705, 0.546583850931677, 0.5005291005291005]
			Mean: 0.5683894881215629
		Recalls: [0.6333333333333333, 0.3333333333333333, 0.5333333333333333, 0.6333333333333333, 0.4666666666666667, 0.6333333333333333, 0.5333333333333333, 0.5333333333333333, 0.6666666666666666, 0.5, 0.5333333333333333, 0.4666666666666667]
			Mean: 0.5388888888888889
		F1s: [0.6186666666666667, 0.2185007974481659, 0.5248868778280543, 0.6137710898312814, 0.4666666666666667, 0.5970695970695971, 0.4866666666666667, 0.5333333333333333, 0.5838509316770186, 0.49588719153936545, 0.4976076555023924, 0.4473604826546003]
			Mean: 0.5070223297403174
		Accuracies: [0.6333333333333333, 0.3333333333333333, 0.5333333333333333, 0.6333333333333333, 0.4666666666666667, 0.6333333333333333, 0.5333333333333333, 0.5333333333333333, 0.6666666666666666, 0.5, 0.5333333333333333, 0.4666666666666667]
			Mean: 0.5388888888888889

	Lag = 11
		Precisions: [0.762962962962963, 0.5921325051759835, 0.546583850931677, 0.6243386243386244, 0.5242424242424242, 0.5, 0.5266666666666667, 0.552, 0.6287081339712919, 0.6599999999999999, 0.6339285714285715, 0.6283333333333334]
			Mean: 0.598324756087628
		Recalls: [0.7, 0.43333333333333335, 0.5333333333333333, 0.6333333333333333, 0.5333333333333333, 0.5, 0.5333333333333333, 0.6, 0.6333333333333333, 0.6666666666666666, 0.6333333333333333, 0.6333333333333333]
			Mean: 0.5861111111111111
		F1s: [0.6880000000000001, 0.4085297418630752, 0.4976076555023924, 0.6281557552417628, 0.5065390749601275, 0.49944382647385993, 0.5203703703703704, 0.5522727272727272, 0.6303172737955347, 0.6602870813397127, 0.6329254727474972, 0.6242851547199374]
			Mean: 0.5707278445239164
		Accuracies: [0.7, 0.43333333333333335, 0.5333333333333333, 0.6333333333333333, 0.5333333333333333, 0.5, 0.5333333333333333, 0.6, 0.6333333333333333, 0.6666666666666666, 0.6333333333333333, 0.6333333333333333]
			Mean: 0.5861111111111111

	Lag = 12
		Precisions: [0.5185185185185185, 0.6805555555555556, 0.6799999999999999, 0.511904761904762, 0.5333333333333333, 0.546583850931677, 0.4782608695652174, 0.6151515151515151, 0.3, 0.6125, 0.5, 0.6737179487179487]
			Mean: 0.5542105294732106
		Recalls: [0.5, 0.4666666666666667, 0.6, 0.4666666666666667, 0.5333333333333333, 0.5333333333333333, 0.5, 0.6333333333333333, 0.4, 0.6, 0.5, 0.6333333333333333]
			Mean: 0.5305555555555556
		F1s: [0.4799999999999999, 0.43288084464555054, 0.55, 0.48148148148148145, 0.5333333333333333, 0.4976076555023924, 0.4615384615384615, 0.6178005990586222, 0.34285714285714286, 0.6036199095022624, 0.48571428571428577, 0.5746466028271774]
			Mean: 0.5051233597050591
		Accuracies: [0.5, 0.4666666666666667, 0.6, 0.4666666666666667, 0.5333333333333333, 0.5333333333333333, 0.5, 0.6333333333333333, 0.4, 0.6, 0.5, 0.6333333333333333]
			Mean: 0.5305555555555556

	Lag = 13
		Precisions: [0.5067873303167421, 0.5075757575757576, 0.46411483253588515, 0.4074074074074074, 0.7466666666666666, 0.6041666666666666, 0.38333333333333336, 0.6930555555555556, 0.5642857142857143, 0.7429864253393664, 0.5, 0.5422222222222222]
			Mean: 0.5552168259921099
		Recalls: [0.5, 0.5333333333333333, 0.4666666666666667, 0.3333333333333333, 0.7333333333333333, 0.5666666666666667, 0.4666666666666667, 0.7, 0.6, 0.7, 0.5, 0.5333333333333333]
			Mean: 0.5527777777777777
		F1s: [0.49833147942157957, 0.5185185185185185, 0.45701357466063347, 0.3452380952380952, 0.7259259259259259, 0.5238095238095238, 0.382010582010582, 0.6733242134062928, 0.5006211180124224, 0.7016685205784206, 0.38440492476060195, 0.5354166666666667]
			Mean: 0.520523595250772
		Accuracies: [0.5, 0.5333333333333333, 0.4666666666666667, 0.3333333333333333, 0.7333333333333333, 0.5666666666666667, 0.4666666666666667, 0.7, 0.6, 0.7, 0.5, 0.5333333333333333]
			Mean: 0.5527777777777777

